16
65796 3638 79051 39919 77375 81296 90327 38922 22771 62977 74999 15104 26055 16651 58069 58228
45297 842 93955 12654 97059 46504 25809 76453 67934 33135 10439 40571 54843 95697 16995 7376
59476 36472 5332 42081 99100 31744 90834 52823 85863 17012 6502 65585 69841 6426 80216 58695
37212 52248 55364 48275 4293 78338 96383 70814 50612 28019 37268 91956 89739 51177 50754 81593
85309 17999 38594 34572 81468 87517 69273 83546 31939 77953 18462 45957 79944 82842 99691 70657
62431 51997 7929 1324 86360 9614 37166 53628 52242 13153 74587 11018 80706 66120 18562 80006
31542 85443 15418 10030 91491 89889 60853 75219 47009 19804 65840 35811 51265 20419 44016 45535
40865 21084 37791 47873 57077 21000 63795 8955 78790 48376 24780 67725 80010 94391 4745 45053
83365 35977 36765 42632 92941 52111 8931 79789 54678 7208 52770 61730 10651 22118 40677 46304
84732 78391 4117 78001 61447 4641 72758 87707 97305 75228 26177 14634 34412 10925 44429 92886
69891 8852 41517 59282 71450 44659 66668 81340 19366 83821 62345 74729 98238 10848 75038 78058
58027 35321 25135 79486 13256 61909 55555 44466 51639 17830 95330 76830 79012 15730 93945 56437
36121 92526 5007 35806 84608 5489 23690 45405 74537 85699 11400 52698 73800 45968 73251 43582
61002 15421 89170 46497 57674 26158 37855 99298 3168 8762 94304 66866 56097 62892 26241 53480
39919 56794 62559 18138 37063 75293 57751 93287 75914 79667 30302 27842 48099 64791 10165 23911
39628 99013 90677 13286 58848 10480 43661 24572 96522 39944 22962 24710 58987 14577 51294 79706
