32
9914 58020 68520 80612 57752 11390 1373 79710 26708 67728 39122 39229 49090 42235 83901 20079 92825 91279 12878 12502 80459 84463 56772 50299 38513 36246 82679 889 20039 61517 26778 12837
80738 17297 36683 39305 4788 93592 25452 45844 70335 20458 9700 53966 16597 65436 2795 68196 24616 5800 60762 83536 51920 73406 33319 72794 67703 86465 55386 8736 19620 2172 25409 84757
25842 46890 56048 59542 26821 6450 50028 66164 49971 88153 49375 94116 37515 98168 29788 73964 62809 13302 63584 68622 13689 64446 54384 2718 52724 90581 54679 42042 73753 66778 13419 68796
61652 57429 64910 85165 28021 96822 62642 17674 39331 53145 82028 87861 76013 89172 64596 60982 61116 93116 52840 83800 75343 16508 69703 74922 31638 22493 29584 36743 16971 17521 28808 16724
21573 12209 52635 57562 66562 32994 53184 40755 9797 85221 98064 46106 56735 50434 63017 20939 28170 85883 43561 77079 39968 82653 90397 11121 31242 30322 31242 74053 36908 30668 27819 15
38124 724 30846 40764 39876 6337 38208 42385 18800 71407 31850 43831 56305 15100 67504 73084 22153 79585 18013 66034 1906 24230 25788 35612 67947 78694 2858 74302 78301 66971 28004 81812
50057 37202 29620 71538 94907 57971 10256 24363 23198 70755 64160 26432 19826 20384 62728 48700 70424 20582 34380 402 69516 50043 45213 16004 73651 16032 94636 15792 71997 67083 76293 13905
34493 84144 18676 34489 63366 30423 12165 36536 17654 94125 49614 41077 2389 15479 56143 576 14148 49646 60462 49679 12924 80506 64840 28934 46625 66834 3722 78640 88954 71964 42059 58701
64051 854 53565 62157 21983 44287 36391 55012 98013 8974 69121 93044 35573 94466 83557 37478 77926 62998 32364 15723 36778 36809 59490 50792 27389 48959 39146 13625 19249 68293 35183 36194
88972 16976 46868 60113 77762 99884 49320 85395 49688 69140 7318 27077 18951 54225 39693 83625 64424 98340 38185 70343 78002 55071 99446 73445 99589 15918 11764 36042 76079 58879 49125 95946
44252 31031 64378 57058 78235 3924 40587 90995 61032 69623 55015 33729 36593 77344 33760 63162 74001 45894 26714 17906 28549 25505 12274 44958 15879 24152 49200 44540 24764 58070 28983 14051
81770 33949 46300 79920 46716 21164 97395 46062 61717 26378 36633 80712 98573 40033 70017 9626 49337 84434 41117 82926 83156 56578 69639 35317 48798 25323 35784 64978 36753 12161 64566 15111
27416 57608 53436 53953 42553 51069 3824 14000 86120 81094 62647 69242 7467 45028 53338 428 45064 42323 77632 22670 12098 64169 99119 27153 66650 83592 77496 19269 68628 44810 8459 19210
63221 48364 38382 27833 46385 29472 65155 50595 61692 30980 7028 15391 49861 79507 19783 16318 22394 83548 69258 64748 58940 85730 21026 31460 34383 17914 91907 19228 66105 27440 19086 13885
34484 65593 41713 23755 70394 55235 57182 32235 22345 83552 9684 56428 12855 97997 92159 25863 68748 18753 94449 69716 63294 19448 10216 28326 39466 69315 23121 85418 93044 74658 28781 51099
81905 5218 13182 12533 93558 41908 531 9134 46827 36419 3899 82174 25566 30283 60591 94916 42384 41277 10801 18671 8570 88401 82911 32648 42769 93178 81716 91003 85444 64659 36850 69214
98710 48251 57905 13699 21909 94391 59973 83553 22101 82063 68779 91345 25631 14322 88087 21089 42028 88188 13747 25850 94731 29723 8514 84857 54445 76534 9684 30589 30456 84638 27642 39963
12779 34326 7554 20593 73781 10590 68745 13025 31726 37632 6689 72901 50711 54151 41101 93230 1501 26319 20249 76225 36048 8761 46422 66642 34803 80341 70375 14075 70380 1199 13612 40422
93781 60232 16552 50471 90068 8082 77861 38576 69234 99716 45697 12393 54999 2795 45104 75888 9346 63300 77486 88107 83853 58236 7848 41672 20191 6771 63434 85503 31672 55769 3388 49986
85295 3452 83259 19595 69478 75774 30435 37948 76509 24140 67015 23313 50717 70183 65150 18794 53465 83599 96548 735 74292 42404 42632 21318 73875 91497 64750 66900 78950 85005 94839 72337
61946 70693 96166 43333 28785 50559 60989 3821 7166 30746 57440 3437 74625 56052 11440 91327 90736 9549 11127 86881 1080 46215 51063 55376 61915 20976 91389 27130 93994 66201 93140 82421
11530 71428 5089 61258 88082 18983 19779 47039 14931 33178 86795 16178 79524 7860 69887 41991 41654 87392 61207 90442 13254 89471 20689 47790 54047 74734 91541 75741 79749 87707 53837 98416
42142 16424 17356 87243 81041 43900 22104 24826 67019 93666 10370 96930 50758 3696 57689 82884 9949 98308 1759 89044 37930 65993 88138 97374 49560 92653 59458 81810 89334 44330 50917 78711
14308 41283 18999 84563 90157 16132 22625 94016 82514 2814 96368 84417 47721 60192 3889 99176 27224 94453 36426 81632 28050 7774 25935 63535 28175 67255 75400 17795 80043 57750 69873 43872
98113 54973 20949 65987 7012 31135 14682 89272 95744 84384 78338 77042 70357 65427 54944 83573 22578 59992 76223 1074 35146 74142 54315 56997 25926 60988 70571 28380 92349 21928 25768 23618
55328 13366 30224 18879 17521 90651 54609 26307 44667 25080 32624 14231 50668 36845 5291 95801 17237 97136 23219 51758 7083 65922 78040 55521 36035 48508 17063 24321 53907 73517 6305 28794
46541 17771 46121 55297 12192 29374 11052 30110 84242 29334 80804 82784 69215 4161 52914 47068 44182 37177 79238 72183 10821 64593 48217 44629 34797 83970 42799 1297 8560 87270 39889 48342
63286 38471 81409 87087 21376 66610 39283 88168 24814 99092 17128 48220 96623 17270 79910 9543 92782 76522 79540 22566 80167 96448 49115 83326 32450 93307 71469 83757 70341 96452 88701 71277
85169 63257 8518 25982 75520 82931 80522 28688 95489 38597 60965 11129 60084 79160 58056 50827 78415 37731 51523 97434 88525 21758 9979 94826 49063 91520 87479 93766 2478 38251 66755 33654
62001 70964 30732 8703 90427 21845 86244 23817 32517 84178 34242 88514 34863 3821 79372 93425 37105 55546 98407 63222 46655 48930 41849 82269 15411 24958 25887 44854 21398 24188 82970 90546
20924 30005 78381 47050 77501 16447 67504 17870 92666 59030 63882 20143 60800 99154 11692 99220 45145 87935 7928 20873 25425 73664 99373 69449 98850 38611 87345 60863 25730 35522 9237 13013
98542 21906 30030 3007 79011 41085 69250 80550 91604 53003 9253 99894 83814 74884 79230 78944 63730 52119 86028 93433 3563 43119 67626 66532 54204 68387 78042 19795 50309 43670 73483 10079
