64
89843 58672 88833 28336 88017 69639 85169 67277 27386 14601 32106 22408 75467 68143 26652 8583 85610 15551 38652 40414 45069 73926 60782 99638 58400 74646 22660 45183 55606 77737 75697 71349 12177 2921 92166 35224 69072 4354 11873 68289 44692 86497 12920 59173 38003 57099 79194 44586 32251 39926 86576 73693 22063 24652 32284 17539 3258 14240 87322 79610 84281 41198 60732 26210
986 63201 26113 96044 42313 15922 75865 67279 23444 96278 36637 57289 75144 72846 689 5408 53242 71869 2153 42236 10591 67055 94663 80392 15345 9273 67350 71070 44026 68303 69924 58363 25605 22936 4357 29040 63692 28025 80624 99302 17957 7485 27054 2033 83003 70773 91993 38132 63182 27064 72821 33758 5233 76081 60809 1665 17106 87492 95861 39263 70967 41788 83868 8650
61155 94746 41246 34585 63713 44825 96132 25205 23129 28308 93822 67281 74070 40483 25180 72889 91103 82862 21114 57606 47833 66184 33603 11683 58335 56888 54372 85115 68432 40761 5980 45146 62086 91635 76895 80438 49093 75272 62096 20011 4221 89025 13785 7011 35115 36354 3007 17481 66503 61969 42255 42512 41646 28142 21631 58507 58458 95637 66646 94783 77362 83764 34477 70289
60705 23184 27286 11993 29421 82426 16167 86291 51643 44446 37336 71808 10103 33107 43389 77015 30383 41137 66754 59345 90508 90874 79916 33816 73817 67043 17538 68656 71722 96839 59342 53010 90715 16739 59359 87533 68817 57771 47167 92548 60742 1351 19756 50368 8101 6374 88873 98527 71282 84857 48009 68868 62991 8257 75634 23782 89957 59473 96846 75363 78912 6598 84303 85858
35748 63610 91115 38489 62596 20530 73309 36596 36584 70934 77569 36002 36192 38263 41110 40614 86310 4051 74898 94492 81565 70943 78841 84953 38913 51309 68155 30773 25173 58286 73803 67137 2904 90252 16712 54691 38921 41988 45421 33935 23741 46245 69885 18138 57381 47925 20327 68065 67187 39761 9382 20028 36756 43174 78193 45128 41490 877 62688 2001 6001 58852 24971 8026
21280 54467 56561 94619 85473 94798 75168 31134 61075 4627 4751 98829 73507 47118 49801 71483 11276 71842 49100 12442 26309 24598 21669 29238 74553 61399 98152 36410 81557 45007 64599 64712 65512 66586 32429 20662 1103 27307 88275 44206 61525 35163 70496 34252 33155 20778 65329 11923 57616 52652 14966 69607 19347 37087 82296 10227 63310 20930 22584 15620 97076 76301 71109 95521
4305 35668 67529 59369 72494 62866 2749 21993 16888 91115 92079 1216 64562 32581 49704 90511 47962 65746 63771 93060 45532 36553 48867 84925 98597 67296 83203 34503 28276 53179 21531 43041 73970 40686 11625 86702 75826 24152 32103 34536 27609 67362 12439 88663 33530 55513 92185 43082 12816 9565 25773 85755 9223 49764 41669 74933 79163 78044 20254 5197 51772 60057 63473 41257
76959 26722 91122 38293 3427 82478 13576 86463 57566 2848 98838 14173 26338 27432 72972 59802 82465 6129 67302 74814 28636 36159 53201 52498 78958 35374 85856 86102 40480 33382 12094 47676 5402 26157 84173 44696 15444 32115 61360 55362 13850 8020 74215 65468 57646 31640 72676 29803 23012 34727 78355 59286 9 74668 13902 91394 39414 66087 87851 35888 84035 54698 72076 460
89638 4860 20768 91640 16493 89604 44818 55161 51554 17267 73528 66918 3412 2445 6793 10805 97418 90609 85192 82896 86757 75525 82866 42801 86732 6524 58652 92499 34194 68718 84598 547 71754 33386 7837 5287 57328 18077 91710 24511 3560 66366 25105 71040 58797 55728 85178 23752 51531 68678 87935 31802 33632 17086 63574 36180 74167 92507 49088 77152 75251 26386 99307 18791
4118 83158 79345 62479 61493 76569 16414 40156 35320 94921 56989 75007 21079 44513 96516 72434 25123 72180 23168 57347 5889 7646 44607 5158 49316 74282 47256 23349 19444 52944 71294 28079 72917 47669 71390 25999 76988 94337 73149 55323 24642 73803 28291 62146 97560 39527 17794 88123 87926 46398 51529 23815 53439 72253 65376 38403 46397 56458 22363 30874 27368 41000 83062 60471
46687 88663 22303 4820 52929 70175 34197 63092 66479 57596 85529 68450 38478 34772 48775 99195 667 37339 70313 81184 14 64527 6842 55503 3540 62950 93578 44801 53381 68591 91501 89321 49853 7335 97742 39362 41203 96734 93129 84779 2708 62033 43984 74075 94918 78092 71471 25766 1103 75432 51068 62878 57324 3475 7239 7847 5069 26922 23879 59495 16021 42254 99863 36409
61263 40517 40794 11743 23135 9831 93021 83314 76921 66441 94043 19847 1718 26732 34614 99313 15054 84211 2193 8523 64220 35309 2796 4501 48788 5725 38900 47617 93407 65089 54730 4071 37720 81873 47068 81036 61140 62773 79685 1621 14206 41181 32547 48763 85385 27912 63130 7309 92443 14014 56531 11702 50853 20258 93458 63091 38266 20839 70778 14130 43658 29827 67990 32323
62523 28086 64795 43521 75394 25671 79885 25995 25934 91 19141 72502 97001 24392 92612 62852 68326 670 83976 92705 27832 44391 33614 85677 124 22819 27000 75300 50298 36895 63807 80998 18996 50053 19926 17939 45483 9753 4561 74482 39545 77923 57619 62918 70134 85033 28791 99288 48931 49193 29062 96288 390 56428 47814 59635 26315 81228 84256 62701 92666 37485 50598 36867
89027 89078 66229 55746 37071 16686 77055 10259 53331 32791 2275 68556 3748 60373 32010 89846 22690 42471 73565 14422 7535 29559 71496 83536 41416 99588 7278 52218 41330 1618 18001 45773 76603 78056 60388 76368 53556 12887 86331 80009 16222 73607 89245 56145 70116 63183 26697 92264 96276 74960 24099 34050 86220 48259 16704 18023 94908 55314 92695 18055 78493 11209 58850 69757
56344 87674 62097 27454 12733 28843 65195 77306 32573 12525 92861 77109 47725 74041 35834 18419 55641 11370 24715 9839 60496 20107 62816 61692 78463 64658 37878 11731 43406 78140 16148 69187 47037 97595 59163 70128 48450 83428 93526 30987 91944 42381 6994 59069 79190 71895 40437 28955 52043 70366 94498 61937 55677 12599 72262 51970 68231 72651 34787 66094 2776 87317 55036 9892
10174 92652 17598 89248 37274 33216 26488 18537 23893 39137 51405 22345 54164 89630 64020 52913 13090 33249 90164 98723 37495 14966 31251 90992 92120 68044 88819 24314 46178 64745 59773 95282 73486 84041 56722 28654 50147 46798 47761 4465 77754 89318 3090 21463 17247 94635 82074 32359 78769 77655 93658 64562 76265 24991 15487 96484 22087 23249 62656 93896 6464 70589 55700 23485
79478 55509 49256 51427 29045 4104 47760 3681 27425 42458 52629 11657 896 94368 56538 92012 62486 36243 24754 12563 36043 60825 80901 77639 91419 59281 45113 25680 5174 17243 56220 69471 58962 34549 46422 25137 88643 20710 26858 69880 1155 88539 85534 40373 83335 66926 95270 33877 37096 80386 78648 2325 88786 97804 79365 35996 37021 35699 44985 17845 22944 12395 34766 92183
29596 88589 28043 32106 42971 97162 23609 8917 36326 60431 88594 63773 71467 16605 36521 56867 45944 28865 88560 22700 53513 30261 99420 91321 66699 65548 9896 44912 94920 27094 21775 66666 19419 46184 77634 4650 57076 93291 67971 17186 59239 61338 81228 88240 8782 54473 58408 1440 38893 81557 13329 39539 60465 58350 31996 32482 51446 55297 70142 11750 31166 88817 26662 41194
15381 43206 82507 85345 23683 27525 59527 45001 89901 17235 71827 36879 8268 3933 13386 19221 33366 78128 50011 68450 40263 99857 61137 93332 42728 69788 7547 32579 62071 99534 84790 19402 36884 94041 58863 12272 64852 1211 70710 84973 71808 54312 39104 41026 10322 31289 87720 67635 378 81728 71479 72552 38072 27018 79719 53585 14768 22169 49303 34974 8767 78775 29445 67412
34314 87772 1895 29274 58640 47928 75024 85389 26730 1411 38444 56746 65659 1314 85960 29534 75570 87675 89017 85227 52758 28335 30181 64698 31831 88841 86821 88868 78530 31698 88807 45964 12579 9377 60879 21211 90764 7806 269 88595 34499 17476 33246 6341 43223 57816 40411 57827 95248 57153 39920 57876 1051 95392 70237 747 40509 49397 19578 60558 85198 42154 7925 67543
79639 85917 39278 74213 31255 26838 6758 94367 37791 43986 51276 44854 63095 29204 45606 45107 57413 75900 93 32672 6701 34674 63608 34306 87009 51563 23965 91706 94575 90750 95688 78508 20046 57730 19836 60934 36123 81203 90548 48297 71911 82401 66014 51568 54408 59054 17782 18285 7802 37899 21644 40313 14643 4379 95739 37328 59435 1142 47135 3346 94846 97924 96794 66225
93478 74619 14677 50804 74017 26575 11655 55168 19584 96599 2997 46517 38249 61679 79348 58211 50916 54072 95486 22775 30152 76239 14525 7022 55072 76952 25850 24886 91984 92002 88732 91191 58273 17048 40402 45288 77882 72445 47281 17336 90730 40326 71172 31985 35580 2687 68360 44309 86064 85971 38934 81071 83010 22333 96031 16734 72677 70771 30327 48111 30162 2271 3746 44162
19966 42327 18188 38132 21621 81437 70036 98105 27260 9626 19242 59010 139 4559 72995 24205 68390 4467 8299 48000 16657 26906 35215 91822 29758 52275 33091 6190 37162 77042 75810 28289 4820 55811 98882 625 21757 93618 51158 10109 32852 20292 17011 18891 76352 77204 91019 8353 94912 73442 36492 85902 2361 23182 61654 10540 4862 58981 2816 77677 94785 26718 12604 66240
58367 7085 13105 91848 64089 75825 88741 28690 27743 10303 61738 59689 82249 73534 14265 89668 15558 58483 95615 9413 78371 55184 80263 29913 4860 11191 23178 15517 34263 91859 92481 32332 68939 11159 46343 93930 55356 95973 60951 30276 28510 67265 9476 27733 17366 70026 38103 88151 69200 60571 84563 33216 14079 64549 37017 36618 57231 51927 36698 1048 56666 36251 86446 9657
16205 94658 39048 72300 99896 22372 4256 55762 52856 80854 31428 34122 95661 72288 95913 20520 44686 74773 41621 44801 99183 2344 9677 22861 27350 11878 13593 23006 78316 64968 5122 72217 44705 67014 11736 60943 1305 48050 16640 98887 49398 20257 95288 46230 3420 45630 18557 94840 66882 73935 82061 2213 57843 65883 23512 87258 60769 99340 45625 81529 1194 67444 70729 92047
62387 16657 15085 72653 89097 40062 85836 19612 52445 36614 71594 4210 82173 70624 18854 30149 7701 17368 60738 56806 87844 60542 92019 60714 50507 15156 64943 17160 8352 85534 14051 71345 64139 32208 5029 34286 70368 13810 42537 82504 61794 90458 65071 62497 36596 23676 1049 1089 22142 84548 59692 1002 24754 86577 82649 57298 29330 92659 87936 64854 84321 6584 96414 99604
80328 48666 42860 47015 6449 32358 38631 20109 47505 4156 70982 56313 67429 82590 95289 7534 9322 33800 741 41040 31087 50941 7526 50127 87039 62612 84079 32976 60524 81497 56654 35737 50332 18605 20322 71585 14575 30751 50412 21331 79692 39353 56476 93171 29380 57133 17094 69219 98513 85992 83081 94733 10460 4099 39174 72243 12756 43152 69778 7310 85685 67798 83091 15209
21077 8361 9714 38564 94538 65328 6811 44819 83305 99412 66931 69377 14041 44603 51828 45370 60179 33227 45885 14219 46755 1843 51236 42490 62208 54728 27224 80062 21239 97700 10506 82163 70570 19228 38981 83599 80350 88040 42615 57334 17918 56854 57308 11536 57792 10397 64178 79332 42007 72534 55896 33716 68280 92113 84199 16395 50012 60045 48232 3862 61740 71173 42105 46552
56438 33643 91816 7671 16903 45767 76690 97138 82511 5802 48493 43054 74715 93575 32618 68197 29945 64561 20031 42280 36927 26808 36114 62048 66958 29002 3098 70770 80276 74009 96501 66266 89459 86383 32757 62343 61629 4633 15206 62367 45260 39420 8649 75646 14505 37425 8888 57435 34236 17261 22974 81550 62334 98606 78321 60976 22300 28640 34437 16278 98875 20887 79679 54261
32100 60755 57282 60024 11161 99325 79854 24413 98316 52358 59560 25834 45376 45035 2464 60520 454 94590 89773 68512 41042 2780 96173 34030 11036 38076 76041 48316 83916 23442 81974 10688 22052 9786 66912 9213 52992 7405 61076 66300 37594 68187 7982 56455 61977 59855 90033 3562 45540 50195 73443 43245 20660 24013 54754 92254 6194 88449 96717 1254 66542 83330 40 80023
20762 2415 69303 74758 42134 48631 96281 46065 67557 91848 1989 43164 18294 71261 49960 94936 18833 86106 67558 41680 89021 48216 89606 12772 76120 27858 69141 14907 88066 10293 83826 33194 86972 94685 3348 63110 2782 9270 73073 85139 31004 87087 12321 65936 85570 45129 21768 19906 88110 36426 43852 93350 88344 99342 22448 39664 26758 11310 63703 38539 70383 65229 8546 74712
75253 25934 89270 32574 54970 91417 57470 81721 63850 78901 38729 25575 35207 79396 90607 60259 50619 76026 14815 44146 54396 1205 1904 9845 68941 15652 67356 59865 11382 28256 71652 74798 59538 39987 3725 28567 66235 87309 47128 49159 74915 80977 41329 85210 46679 84626 96725 38934 69115 54232 21291 4073 80647 64296 69219 3941 10673 79519 27462 59058 5351 91776 14808 26512
81661 31345 79896 43868 28273 78644 49564 79330 50706 48134 96942 36808 40446 89579 69943 89646 32892 53520 45077 19999 7434 97597 48986 22173 74414 68275 20641 87752 88394 78549 70861 27885 24889 16382 32593 3873 58602 60895 85379 31018 85207 53764 80448 92669 35856 71777 89129 51522 43824 73206 46519 73413 36123 45402 64868 85235 39365 63952 46618 73044 8836 84751 35815 89044
12458 29527 8348 76853 27222 92627 16478 43294 34661 92275 71131 1938 34062 13069 66666 88722 27394 38136 27111 3177 68262 49129 80320 60168 8755 80192 47072 46498 22634 48045 65803 64341 31108 44468 60514 9199 8275 69816 99296 73892 97352 6528 84025 92102 25932 80198 57931 35073 68734 32381 17090 53280 69751 34137 64313 11245 2124 2190 49481 98152 13791 40645 99062 9487
79622 20330 49363 85687 56703 25160 63019 62591 18398 40287 26264 35499 24952 30369 95760 63700 73658 57924 88037 45593 59991 21544 82053 75846 72611 51633 35971 55519 39760 87387 2899 63674 42353 72878 67185 14721 9912 52401 12807 19594 19530 15649 78430 40820 25146 41811 49929 81647 54695 18355 90472 77621 26055 65045 10708 65339 49236 76644 37167 87593 1859 8790 45672 56709
87766 70700 88381 38595 14428 55639 58016 38903 53877 35497 899 69611 83979 69350 11619 49514 42129 27560 16456 45259 61841 12724 80130 90957 4185 66722 51033 33851 40679 89124 93757 41140 91973 56402 44566 68745 77562 23647 65421 36702 85757 10931 65189 77780 30269 24969 2895 26081 20031 43415 87181 90546 32234 93873 38573 14679 45101 92681 86728 58258 56494 69479 33522 49387
87262 92802 24663 45999 44064 29191 37440 14734 95454 13717 10309 82100 97101 83380 11173 37939 87294 26473 65575 74414 62267 30809 43423 25108 32360 71598 33448 28269 54673 65827 18303 75869 35639 34115 4 25836 97789 53342 15356 48681 9011 53725 24104 51712 79729 12584 48697 74117 43669 23662 93897 74451 51281 75688 76915 38349 21363 56748 54275 18836 16087 12094 40371 84134
27361 22151 74423 88636 88354 34795 7536 1543 53010 81371 49607 24629 18495 29444 37010 5715 802 76970 56334 7645 12085 72323 86856 23890 29821 52547 5026 41411 92524 28219 27907 38988 4469 7499 59358 74938 82799 44188 42661 62014 34357 15059 16381 49241 6733 80247 16427 30529 18264 57139 66597 78146 35114 43003 52353 55478 30036 54496 78101 97948 27093 13230 66977 63624
9326 95728 73946 45688 42247 83411 47940 7864 45073 93620 96871 50818 23682 46272 80506 42678 64593 22358 80524 50015 77593 303 74529 87000 66187 14120 71326 59909 99641 63299 48503 21750 58150 18570 70123 67501 23564 9931 52342 94318 92070 53758 87752 23016 92396 74358 35524 27241 3322 1952 33673 44978 77695 83907 92248 53362 96621 28909 81809 72267 97155 14820 40232 24718
39550 30115 82720 22906 6018 86101 14809 67433 51946 32487 16271 44375 62653 32466 84947 79878 4020 5073 3921 65185 93701 22419 22841 96368 61129 57262 24778 82509 9181 12466 83717 63654 38064 28002 4559 45608 42945 53481 77488 2477 50762 94573 71602 19830 18866 90248 38902 51462 78325 54396 99062 40956 68160 20183 27822 15597 73241 58425 77436 94643 48227 2260 16280 66586
82688 99611 86554 80734 38398 32154 43946 67310 68832 84979 61189 47212 12992 24617 48654 17707 40977 44804 69405 3543 17052 69100 3618 44284 37500 57435 47806 48198 95178 49644 17992 80572 20416 93254 62808 70096 48820 45042 82396 10763 70505 6302 92095 8750 22444 50306 66072 73800 95858 27083 45370 82876 43943 85440 97287 50197 91759 35061 68577 22230 69703 82536 83643 78833
14775 14364 710 62435 9695 67218 53921 76011 58954 21217 77349 87579 33001 75441 28108 54026 47021 16614 86 30325 79150 71663 47240 61517 74456 42744 15957 64326 25666 59408 19714 92876 69355 46691 76029 48684 87210 231 65694 38961 55958 79918 67295 9239 46716 82102 66265 76397 34731 27063 36993 66447 43898 3232 48966 17719 16906 42541 53513 44609 71537 62344 66349 69628
76353 98489 73021 22215 54919 71415 49202 71625 6688 72559 5939 8184 14828 31894 41075 12286 96498 29072 2431 53744 39483 40432 45757 45446 60584 72063 1025 34737 15803 15111 44333 53561 90100 73712 9515 64097 95398 58208 63468 30498 9491 6694 12296 19281 95672 96512 1565 81048 53109 33951 23248 94416 61428 65186 44425 59394 99407 34420 28330 11915 37374 26221 27056 93823
25601 68201 87021 53349 26910 37472 23274 69942 70680 9722 86739 94319 37588 13305 69734 69656 19669 2371 69388 53112 38647 42869 56026 88183 47025 13158 74173 87889 80999 57003 37492 76368 82067 90878 65821 2192 55060 59801 52385 80561 84311 56325 42344 43508 86834 65845 50024 77326 41630 78052 41495 4689 97606 9127 61588 25245 29102 12206 90052 62960 77670 14665 70172 81082
91453 9935 65070 16305 49461 48846 61769 52581 36977 20911 61241 1986 20493 89494 63796 85148 55834 46458 83508 6964 51477 81693 2827 4695 603 20812 9064 4980 90037 70362 38153 63914 91991 24028 87891 80080 45389 25625 52821 64229 37585 55057 75961 21323 4382 1968 8796 50711 76538 18486 20261 98464 14304 97202 97873 2217 88076 3488 39758 53361 82817 2262 44990 64005
26726 58469 71475 66871 70444 57846 45587 95111 72148 89944 75781 86021 75970 58904 43635 27739 6457 39157 20076 21187 40162 73009 81991 60935 56942 14951 84979 48074 18203 63615 81714 35814 67053 86414 62178 74255 96215 34216 31984 64592 83566 63808 38074 55025 52277 34427 97255 10711 72799 21311 82367 68349 87316 94005 73306 42300 3777 40063 85715 83659 76274 75814 48802 6252
61248 75056 15618 84279 14934 63762 54024 95177 76413 74374 84656 28219 62793 26718 3408 4499 88294 4294 50231 57142 7380 24434 63525 1962 73600 58771 89947 88225 406 46467 3146 56805 8006 56817 21774 48717 41139 147 7038 883 46720 56298 63136 37936 7384 88578 60124 18990 37234 37652 48052 26488 59481 44705 33657 90654 2151 36054 46495 27453 67684 12459 30032 30668
54976 25542 55082 99326 38334 90985 67895 625 36764 83615 53257 65459 39204 82993 14186 88716 86510 89822 44093 59791 49416 13217 94739 80067 83188 36858 23867 33604 84307 8021 40107 64872 22297 57682 49534 83096 70648 52160 48230 56594 14847 97170 98252 82525 72603 63706 70600 17488 21642 81822 38099 32691 93814 53166 53556 13733 60759 66042 54106 59517 6004 57797 91356 47412
51129 58495 98773 22506 79499 67137 72661 37630 80091 57068 61187 17830 16039 80777 27071 48019 7815 45945 73888 85819 9292 64369 3366 82900 46497 33318 1636 57620 83440 94907 36073 99376 77193 33232 81196 778 85248 11287 82015 7610 92210 20113 6307 48531 29988 11155 33475 56555 75919 9450 76957 22552 26623 60075 39622 27413 61902 43189 57114 83927 32629 4018 92833 82076
29306 83330 10047 72131 13866 1194 61550 38817 26309 42247 5390 16754 9854 14239 76329 72503 33580 3248 17073 31763 29887 28785 693 61593 5624 9897 56271 27049 30342 89406 43464 29173 52910 27603 8514 97032 48586 68977 94179 50327 52657 5994 69087 71091 93876 12450 88266 23065 1193 95603 95872 35578 20640 21067 33589 25114 45752 97360 23769 62190 34517 68026 55022 3813
58615 48432 9833 2456 6571 61607 38689 71385 41481 72901 3276 33113 96046 96792 82509 2858 72965 50814 59459 62132 7067 61372 84681 58885 37096 84113 42037 30158 29673 87574 26762 80745 95729 62960 82378 67132 40572 65220 32967 29783 92747 60978 90405 88864 64010 57423 12339 68551 2941 12914 36004 43316 18145 84849 15427 5926 63472 53252 45130 41363 97313 69560 62112 53462
50797 19281 79763 31804 65583 54436 22221 65238 90945 47141 95844 5373 61985 39218 55572 58488 16046 14355 98339 37537 42805 99168 43093 37250 4992 7373 37568 4828 11344 77368 65645 66320 71132 17631 15938 34482 10509 66673 12204 67776 84876 94653 99228 72154 78664 22338 24030 37323 44117 9706 51558 77471 94089 71327 6473 2736 30343 8516 38190 82184 58475 9325 65049 71674
13353 56579 65289 70694 94821 1465 47435 41105 92437 5565 50809 67710 60131 27794 98014 65641 86938 34336 45613 42814 98312 39475 56617 7017 14076 43104 48996 66682 83641 16769 58105 12001 16919 4223 87733 78743 30217 44782 14424 90997 30402 98158 52799 51039 67769 48015 85775 94596 98277 88115 12909 58039 9220 49727 72549 10349 78888 11885 49000 87191 60399 47112 84655 27034
2664 94375 78816 49960 47283 18336 69891 38667 69214 9382 65725 78134 61167 2416 7990 85531 96919 44098 30909 15148 47155 17978 1993 54499 62911 44875 13074 37207 86351 11911 23578 85888 96335 47756 44813 63958 47154 53911 93993 59149 12766 22303 39766 43492 6037 17958 7232 54615 2704 82220 9723 21427 63209 16724 27093 13616 11996 41296 55797 28852 3544 79928 14758 44190
77121 18186 2822 48884 78171 92667 68542 44679 3187 18538 71112 46613 7117 34724 82443 42465 97558 47985 4712 72199 28388 86873 55137 70116 96996 34522 301 71882 43886 95203 6063 26206 51196 63779 5865 66675 37545 9466 80233 93072 50624 55700 83302 83508 66087 36477 48407 8779 11533 36160 54084 48579 47772 74566 34280 15558 56052 82017 72123 77687 99555 20115 25313 31973
50248 43128 92984 23313 98015 62181 48862 21100 88035 69840 33580 63201 64475 6229 20224 51965 33837 99466 41489 40227 99674 92990 94265 76523 61880 80276 18048 88300 18407 3453 77255 69427 55015 36502 64339 4074 59508 66017 80551 2873 50966 2884 44234 49230 71570 6811 22780 53768 48875 82267 83621 93102 99800 9197 12149 65492 14054 4770 49958 30395 24391 73479 65532 11528
43825 92036 81305 33788 25799 92828 45969 33216 82341 55081 58953 26159 77329 86435 25221 48898 97279 79265 42811 82216 90411 55919 3021 56728 56294 74885 13681 94295 62953 55997 39662 78395 66124 96920 91571 62089 6173 95428 83557 16047 62244 62439 24167 91072 50292 9260 426 19664 61945 19188 64629 9389 54480 68385 35728 87153 18746 43860 82838 37976 71450 17416 67004 44432
41017 73592 79236 73671 42084 56914 27751 77761 62707 99169 95397 70084 20487 10965 9481 15596 79069 73483 40479 26001 54856 46137 73598 82227 85274 13738 77690 16068 74560 32820 29735 70456 80801 931 39909 23538 58814 64977 62199 5602 27494 5124 68606 59843 87342 79305 11147 98081 74181 90007 95198 80748 98420 39845 40159 6825 85738 75295 8985 33860 4691 79033 46823 60826
39498 60448 80804 97265 42136 11222 97991 11048 76887 38244 36542 94033 52598 59687 96338 9984 23182 51721 99652 92392 25250 63128 9866 41119 13286 72993 46808 26307 47392 52684 20994 45575 86394 7473 45838 96243 39970 15483 76877 18186 37467 51995 70087 34877 78215 85731 47590 70285 38377 60375 8336 47521 22777 29364 23820 81457 66633 94914 14427 62030 11762 13276 10711 87536
4573 67353 65732 47943 89048 75140 99491 77092 96906 97810 24607 89644 69284 34839 23535 93703 79509 45209 21969 23298 64946 13513 30495 66240 17350 87703 7141 72320 25861 51250 27146 14469 14448 56638 33105 41159 66570 39434 78576 2211 83748 52534 71297 52152 81937 8759 68375 35324 89800 96633 75094 35216 76378 38927 51456 26799 2150 96512 36128 5145 57121 81053 56147 76197
22305 29276 2572 86271 66867 8785 17200 35733 72191 70858 53528 69268 56257 39153 46351 60236 56979 24928 48673 9853 21529 89172 72084 63279 40168 29936 97292 4151 57755 59205 5218 26727 93828 47803 15844 494 3060 59107 11987 35976 11882 62770 68200 32419 74190 18164 1221 38150 99322 43934 7690 82626 18849 44841 57298 45515 75252 49962 65111 12668 35168 27363 75487 31383
52642 79533 51824 18134 33719 91126 81334 90762 82690 95989 72081 94088 42452 53980 40726 63035 76685 79738 63741 20542 79944 45372 92279 38912 43244 86903 11485 2713 47364 80388 58679 98934 3843 17752 1702 25840 14526 4696 18635 55796 74502 23410 13163 9325 440 51403 46070 97744 26540 4373 62637 69956 73737 75862 48191 55320 64269 79345 49582 28992 23362 59415 59090 38725
82538 27910 69059 22861 74932 98113 70505 18047 92001 35542 87005 2246 53145 17415 6385 43642 25009 94500 97001 29322 15623 78887 72904 28920 60015 39085 2688 7907 8600 69913 40561 42802 27375 18806 94961 6295 19820 92435 40001 84125 84453 37955 18082 57540 29057 91742 78210 35240 72903 15109 43865 46949 81636 91316 6719 17095 96023 41072 98055 21559 35351 24757 98447 93044
79081 38789 8053 81348 56163 80797 14845 93659 494 53717 66132 36970 63081 2423 69962 59817 6750 28202 27267 43754 47605 6129 23085 26317 48969 38353 85745 46751 18128 12293 56592 93289 3999 96941 99665 96585 44686 2726 20648 57678 67914 50835 57504 20879 4443 46377 51405 2055 34837 26490 5849 61012 53314 59229 94329 63019 98953 2008 82480 8992 74098 89402 89301 26468
