16
96 75 21 5 76 60 72 4 86 42 6 3 98 78 99 37
89 76 99 35 27 18 43 22 18 23 38 30 12 10 34 20
93 3 74 11 57 49 28 66 12 72 2 98 62 28 82 83
1 71 77 38 73 100 10 57 88 43 87 44 30 88 36 81
38 42 57 18 51 40 7 42 62 55 11 98 78 13 37 28
72 7 27 45 67 26 92 52 55 39 51 64 16 8 27 31
87 58 52 29 50 38 45 69 98 11 50 49 12 60 40 33
80 22 33 98 22 9 44 16 78 12 51 97 15 78 78 23
20 73 53 22 62 28 88 42 74 70 3 73 32 7 24 61
27 2 4 23 58 37 67 54 42 30 88 50 8 80 41 65
20 74 78 2 80 96 47 26 88 10 23 50 63 55 9 17
80 41 49 47 40 55 22 52 84 21 93 78 31 80 45 29
80 40 5 73 79 76 71 98 76 15 43 24 58 45 65 26
36 42 79 29 34 76 74 74 38 97 10 48 6 68 22 91
24 98 32 42 34 17 52 15 16 64 19 34 2 59 93 27
14 28 28 27 83 10 50 89 11 5 3 34 9 24 43 82
