32
4 64 38 63 77 51 1 65 37 1 70 35 46 32 91 73 85 100 81 22 21 33 30 76 96 81 37 58 4 99 78 3
42 27 66 97 50 51 64 18 57 25 54 2 72 94 75 49 30 49 29 4 14 73 66 95 25 58 24 21 54 88 6 77
58 100 82 75 1 32 35 94 44 28 43 32 98 22 86 23 1 72 44 58 37 32 6 71 76 31 4 60 51 43 80 49
13 80 90 62 46 76 35 44 4 93 66 34 83 74 83 15 77 36 91 71 18 43 30 15 6 86 14 90 64 73 59 28
63 67 67 95 39 91 64 90 42 16 75 27 6 29 96 96 18 28 22 96 20 3 37 44 23 28 40 70 46 37 30 58
62 74 13 50 97 65 18 77 92 98 28 86 18 21 74 29 29 23 83 83 25 86 29 7 80 34 62 11 44 36 20 15
94 68 30 39 42 43 25 67 81 64 93 22 23 2 54 40 58 91 52 33 37 82 6 30 100 37 23 21 41 38 28 45
22 26 15 25 74 28 18 42 16 5 83 77 73 18 60 4 8 16 1 84 24 64 100 87 24 28 17 63 16 21 84 7
75 25 87 72 63 9 17 44 91 47 8 57 99 20 26 62 82 44 87 16 66 74 28 98 86 89 14 44 38 46 35 61
46 51 39 8 71 12 50 30 27 41 56 75 60 1 37 66 46 62 57 81 42 43 63 56 6 46 1 28 75 50 50 65
24 39 12 24 96 79 92 61 26 80 4 30 19 50 8 39 27 91 92 64 36 23 45 67 18 48 48 75 37 68 59 6
50 29 91 92 43 67 28 7 66 49 41 8 45 34 73 72 24 15 67 59 73 58 5 27 17 77 6 3 34 80 10 57
93 59 36 8 18 77 46 90 2 83 32 6 41 14 13 36 51 25 36 81 70 72 17 18 32 72 21 76 71 82 52 48
56 70 25 61 48 9 53 34 10 66 92 85 90 69 98 24 7 98 47 94 26 81 78 32 21 91 81 18 58 79 46 78
5 47 34 32 28 32 11 57 39 46 98 40 38 60 62 20 66 92 77 70 24 35 10 14 1 84 82 50 50 7 95 36
26 79 33 4 89 92 7 78 7 78 14 7 92 11 97 84 94 72 98 71 65 82 86 40 89 4 24 52 10 82 10 60
100 44 15 17 91 36 42 53 2 95 54 86 43 20 75 76 89 60 58 52 28 58 87 11 80 33 25 54 100 65 90 14
10 22 40 28 50 67 43 33 23 95 55 88 24 87 97 91 51 3 99 99 47 98 75 76 43 40 72 47 91 62 28 92
70 32 15 13 75 16 10 52 39 62 90 17 82 80 62 26 72 80 93 80 25 84 100 79 43 62 79 19 4 45 52 44
81 92 89 78 43 51 75 33 77 8 94 64 79 10 63 75 55 21 100 29 62 98 26 32 93 4 92 22 76 96 78 33
5 7 85 12 92 96 94 25 27 42 22 39 21 47 12 40 52 57 62 54 15 23 82 12 24 74 98 60 44 76 98 13
78 77 38 50 42 92 66 65 84 61 33 14 6 45 83 75 34 94 8 66 78 48 44 85 83 38 74 96 61 26 89 29
31 37 84 68 40 65 69 58 6 67 88 6 3 9 87 52 84 10 99 37 92 14 33 49 58 97 51 97 38 84 42 52
49 18 45 6 30 35 26 91 97 13 89 72 51 72 63 52 9 85 82 84 78 76 47 12 27 96 15 93 100 31 27 28
49 32 68 8 45 39 97 64 24 67 30 38 89 6 8 79 86 42 83 72 89 92 13 85 26 49 15 68 84 63 77 56
86 84 62 93 34 87 94 56 45 6 81 47 3 56 15 6 30 27 18 48 1 40 63 6 52 2 17 68 45 87 90 94
79 9 82 49 98 32 20 3 77 36 93 34 2 95 50 35 80 4 29 96 13 55 36 89 86 4 64 44 100 39 73 90
70 32 23 54 69 81 34 11 75 30 26 32 26 11 47 92 23 80 47 21 85 93 11 92 38 20 74 14 89 35 94 28
99 57 49 16 98 16 46 93 49 99 10 89 63 12 29 44 30 57 79 54 91 24 55 20 23 58 58 47 64 37 68 15
11 74 38 47 79 47 25 23 94 86 23 27 8 63 56 36 27 2 20 87 5 45 1 41 59 21 62 83 5 49 66 78
84 1 62 55 92 91 46 29 53 78 98 9 34 41 96 60 83 47 91 22 6 18 55 40 86 94 38 63 55 42 51 96
86 42 82 62 74 72 50 94 4 55 50 49 96 19 20 47 33 14 1 62 13 34 18 87 21 42 33 100 87 95 34 55
