64
72 74 50 15 48 38 98 69 54 41 27 58 77 26 81 12 61 32 11 41 9 45 35 26 48 12 60 92 71 61 22 85 54 82 30 76 66 87 74 51 63 50 50 41 32 83 39 29 61 56 12 84 88 17 43 7 60 1 79 91 5 19 53 95
69 88 37 33 36 84 94 91 38 88 19 1 97 6 61 54 96 67 95 20 96 48 24 41 76 50 1 77 34 74 18 44 82 15 46 53 33 100 79 59 46 24 34 33 65 50 38 38 85 46 67 48 93 10 15 16 49 35 38 77 36 24 60 31
26 49 21 81 26 74 34 61 32 41 18 91 17 31 31 53 28 49 15 44 68 89 78 14 17 70 61 37 3 92 66 93 13 93 81 66 30 31 6 75 14 20 69 46 57 76 9 59 86 16 39 40 54 59 19 1 54 52 13 44 39 26 77 37
75 35 93 4 79 21 72 12 97 43 33 58 67 91 14 97 73 12 6 37 67 89 37 55 59 32 45 58 75 38 14 92 19 55 97 7 36 88 47 4 20 26 6 79 92 59 59 6 86 86 34 32 68 67 96 13 52 4 80 79 22 63 31 91
17 44 43 99 11 53 19 10 19 73 60 78 49 62 36 63 53 60 1 83 57 54 23 42 8 27 100 33 37 42 96 74 18 58 65 37 19 38 8 56 24 59 93 93 59 27 62 52 1 40 72 82 83 65 28 40 15 69 62 90 20 30 92 16
83 89 75 55 56 99 52 93 72 34 2 9 6 98 46 54 64 56 58 69 88 66 56 58 49 70 31 99 34 34 48 84 46 69 79 32 99 96 19 83 57 55 89 56 22 31 73 67 100 21 98 65 68 7 54 48 83 43 50 52 55 67 90 15
1 88 26 92 35 81 36 12 88 43 82 37 90 19 30 44 43 18 66 26 63 73 72 36 15 87 19 76 36 37 21 21 16 51 72 19 12 15 56 21 89 61 85 78 83 35 38 62 75 16 1 24 75 60 83 21 24 31 17 44 8 50 25 17
63 50 80 5 19 8 37 72 16 24 57 10 21 5 27 13 27 3 66 64 2 81 34 98 51 7 35 14 98 51 97 77 87 61 32 20 82 81 55 29 95 25 12 59 51 6 18 23 3 51 29 3 7 91 15 4 1 36 37 93 78 78 91 14
88 72 82 3 98 62 36 73 95 97 41 84 59 85 45 91 26 2 68 20 7 43 55 94 79 54 54 26 31 50 7 80 32 32 17 88 81 98 22 32 17 88 65 22 2 7 96 58 15 80 4 90 85 62 49 39 38 51 93 10 52 71 85 2
90 26 57 46 42 93 47 49 15 70 11 64 67 26 76 98 83 29 60 96 31 51 4 47 66 39 76 33 65 70 44 32 97 72 71 54 94 80 56 59 34 70 11 60 52 83 1 36 61 76 37 59 9 18 7 11 86 48 1 36 70 55 26 26
41 50 23 92 72 5 33 9 84 27 29 40 76 26 11 87 45 14 29 97 41 26 30 87 88 43 34 4 14 99 80 51 73 47 40 62 91 46 62 85 26 68 10 71 15 58 17 26 73 19 46 7 28 77 44 86 86 69 20 78 89 53 67 13
41 38 6 33 20 50 17 80 93 21 56 30 53 5 58 78 22 87 77 75 84 9 73 100 96 18 18 96 46 71 82 12 57 79 85 13 85 4 65 73 36 40 28 4 74 19 2 38 33 93 69 1 3 25 64 50 40 21 69 54 50 78 16 20
79 35 59 40 98 19 5 45 84 65 68 21 64 93 54 8 59 79 33 67 51 49 83 59 80 70 82 96 43 50 27 87 23 29 3 5 5 48 27 12 43 100 52 97 46 12 3 67 40 68 80 12 75 1 38 51 71 59 46 28 45 23 48 69
100 20 74 97 65 28 97 85 10 20 68 12 40 22 84 62 99 1 71 40 47 100 30 74 39 53 68 58 70 28 15 85 80 95 37 71 53 43 64 58 21 4 10 15 45 29 72 27 71 99 6 57 27 91 19 44 91 81 38 57 77 50 21 93
73 3 1 47 88 15 100 17 9 88 8 48 45 19 95 21 47 47 26 25 53 3 27 25 40 58 15 49 39 11 91 95 46 97 95 25 79 20 57 77 7 46 79 97 48 2 80 98 51 10 44 45 55 19 56 22 67 21 40 26 34 82 91 69
54 14 60 32 11 27 51 40 61 1 100 68 38 90 12 99 38 71 6 64 94 84 39 8 92 5 77 85 75 12 54 23 7 71 66 96 40 64 74 84 70 47 10 90 64 88 34 65 17 90 71 10 27 34 10 67 87 33 71 93 48 93 31 69
52 92 59 32 22 9 27 70 59 13 34 40 43 19 54 84 2 91 14 47 99 42 3 72 2 34 41 75 84 39 76 35 87 57 31 73 67 5 81 82 70 41 35 94 97 68 92 54 83 79 65 57 54 5 73 82 23 87 88 28 61 99 42 91
95 76 11 7 13 99 62 84 75 91 90 5 10 54 47 79 29 70 59 51 77 38 43 63 50 93 39 59 16 89 18 100 10 92 85 47 32 9 59 7 27 72 89 2 11 28 82 81 7 61 20 99 55 9 78 39 2 60 3 50 96 50 73 4
97 99 44 34 52 15 62 60 21 2 59 17 84 95 45 45 35 11 70 88 71 88 82 62 47 31 64 48 29 35 44 23 68 99 48 47 14 71 20 64 89 83 20 38 98 58 9 85 54 55 58 2 17 24 19 13 62 21 95 76 17 17 33 89
19 73 24 55 44 48 24 15 19 10 54 82 68 92 39 36 27 45 17 36 33 51 63 25 7 89 90 71 60 21 38 95 88 80 82 83 61 100 22 68 95 2 11 100 40 39 82 71 65 5 48 21 70 15 66 28 31 28 33 52 98 86 7 78
42 85 64 10 100 52 47 50 65 59 29 100 94 29 80 45 73 26 24 88 84 24 60 26 6 87 81 6 85 47 17 25 92 4 9 86 62 16 84 91 38 40 90 1 80 31 19 55 23 70 22 44 45 30 77 94 79 14 83 1 84 47 76 98
26 83 46 82 98 32 50 89 95 70 91 6 79 18 87 41 58 16 83 86 82 28 96 98 53 21 12 28 88 66 52 89 71 97 21 52 5 34 5 93 37 75 48 8 82 69 71 97 13 16 88 30 42 87 19 49 93 82 32 61 64 85 27 5
79 71 31 36 56 39 88 17 49 30 19 10 1 88 69 14 61 82 71 67 86 100 61 71 55 47 82 48 27 68 76 64 41 35 1 76 49 62 75 71 97 47 56 83 100 50 33 48 93 4 47 51 97 66 80 100 40 89 95 23 31 71 71 31
21 96 75 61 89 58 66 24 40 79 79 37 57 76 35 10 12 80 68 100 24 87 21 12 78 74 30 50 96 77 8 70 18 36 37 98 85 86 93 92 77 47 78 25 43 26 59 86 58 84 9 34 45 100 87 64 31 46 38 77 49 53 60 23
52 40 51 9 82 99 56 44 15 4 37 69 34 20 15 76 61 49 69 28 57 30 39 72 21 57 50 37 95 37 61 14 77 44 37 44 6 62 83 42 58 8 87 9 41 90 82 61 7 83 8 99 89 65 18 7 88 100 89 49 17 44 1 81
14 12 57 36 50 88 14 97 26 32 78 83 71 46 73 98 45 4 100 9 44 62 90 18 71 84 10 67 93 4 63 26 18 29 43 62 69 7 9 60 2 94 83 27 8 75 26 32 5 99 17 1 62 71 21 84 10 27 58 40 41 17 70 1
60 36 35 43 9 56 90 28 92 14 21 98 24 60 22 43 51 20 36 56 10 92 74 81 78 71 62 99 93 38 70 4 38 69 53 65 61 91 91 81 24 93 7 29 11 34 22 9 52 87 67 71 96 50 30 84 37 28 46 73 90 90 32 16
18 44 88 19 36 33 51 46 64 21 30 6 38 40 40 1 83 31 15 76 9 100 35 90 16 47 64 26 1 93 82 50 89 46 27 74 68 26 19 77 56 6 54 64 35 39 25 95 47 52 57 55 84 53 76 65 17 11 67 25 70 24 53 35
56 64 92 75 39 36 91 71 93 33 38 20 3 24 86 20 27 12 53 14 90 28 74 18 49 49 89 24 87 4 61 16 47 34 11 56 36 57 70 98 9 40 94 20 46 70 28 23 55 41 75 57 48 33 10 99 74 87 61 78 85 4 16 86
51 15 14 91 21 59 50 67 96 29 56 14 29 3 18 56 17 78 63 93 66 66 67 22 97 11 46 85 56 83 42 39 78 91 49 63 39 50 26 9 46 94 85 63 61 1 79 100 71 31 9 76 7 41 10 11 66 62 8 48 4 41 38 52
49 93 28 56 43 66 28 88 19 79 90 59 4 11 3 3 100 67 64 52 76 46 77 79 3 54 94 63 9 9 52 87 3 49 98 78 46 89 84 36 38 55 86 82 8 98 96 48 85 21 68 51 36 15 4 19 60 21 49 35 27 53 86 18
36 62 31 4 97 82 100 16 3 32 59 69 65 15 39 42 4 36 5 89 49 35 73 33 97 79 56 14 10 13 26 93 62 5 46 49 85 60 76 5 38 85 77 24 97 1 83 40 53 23 91 100 38 70 82 76 90 26 95 60 50 59 91 6
100 49 53 60 63 79 34 4 54 11 8 38 61 4 65 78 100 49 75 99 77 19 44 31 61 56 35 32 53 76 19 5 83 11 24 37 6 47 83 77 44 12 73 42 83 24 45 47 55 50 70 58 6 88 11 7 29 3 46 4 31 72 63 19
99 30 83 77 80 71 4 11 1 99 23 83 18 86 80 80 70 69 18 19 71 99 18 64 96 12 33 97 25 14 26 16 46 66 28 49 52 17 53 99 61 24 38 26 32 38 5 73 65 13 60 21 89 12 55 57 48 31 7 51 54 86 10 80
25 24 74 80 10 5 7 52 69 33 52 81 9 70 58 23 73 47 52 65 36 81 70 12 88 28 63 9 77 73 96 14 47 4 26 83 21 17 13 35 73 53 3 53 86 64 17 99 17 3 94 86 61 33 84 23 88 36 2 30 97 70 49 73
71 79 67 1 4 47 79 29 41 92 13 16 13 63 64 30 8 15 85 73 29 65 45 78 72 23 65 32 81 16 46 15 66 88 81 71 33 58 85 12 3 73 81 20 31 67 83 23 68 87 6 91 81 81 96 2 20 81 93 51 99 54 27 84
96 68 99 26 66 78 11 77 22 89 15 13 85 58 68 7 81 75 27 43 29 36 72 34 99 50 22 34 3 15 78 10 32 98 63 12 94 12 5 59 82 86 80 92 58 42 71 99 66 100 38 53 64 19 27 25 16 55 90 50 19 25 32 43
89 76 26 32 21 83 61 4 9 64 73 82 23 24 63 93 74 88 7 73 1 54 77 59 1 82 77 28 67 42 96 2 88 21 66 20 65 97 36 48 13 13 24 35 34 5 27 81 15 30 61 15 42 29 73 4 11 64 71 26 9 13 10 60
38 94 34 30 81 37 76 32 54 68 22 58 28 100 77 91 5 68 91 7 63 47 100 81 58 6 49 12 18 60 19 45 56 48 21 61 22 72 83 34 37 87 64 63 64 88 93 58 40 13 88 80 33 6 98 67 68 24 97 85 75 86 82 71
93 4 55 100 7 3 99 34 29 61 32 42 76 81 92 14 97 73 94 71 50 100 11 16 59 13 44 9 90 12 98 90 4 54 17 94 29 25 13 96 100 42 94 74 58 24 19 2 53 23 91 58 6 48 58 5 47 47 27 79 45 36 59 75
31 77 86 41 78 18 95 81 93 100 27 42 77 13 60 25 41 89 99 15 80 45 28 10 75 87 76 9 71 14 31 22 14 97 10 13 97 64 62 79 15 2 69 94 98 43 86 3 18 61 16 99 46 44 7 4 69 36 32 47 35 73 56 78
26 55 99 1 56 85 58 75 57 25 96 12 48 80 16 76 67 30 70 53 19 54 25 78 18 97 80 10 68 43 80 99 40 7 44 86 54 10 62 31 34 76 20 16 98 57 13 11 19 49 100 40 18 70 24 93 80 75 14 54 9 15 9 28
9 51 62 28 48 63 30 97 52 57 15 92 72 97 94 51 3 21 68 4 51 26 59 48 11 88 27 57 75 29 85 98 82 75 64 95 6 83 46 48 5 43 68 40 78 56 78 77 21 14 84 45 36 72 18 83 19 17 21 35 55 77 92 62
38 33 51 2 80 58 17 42 89 85 55 53 69 99 45 5 45 94 68 33 36 80 73 98 49 69 44 81 35 45 81 50 48 43 32 81 10 97 71 11 46 47 40 16 23 94 32 95 42 88 30 40 27 66 50 5 83 76 57 31 40 65 29 44
61 15 68 80 53 14 4 64 31 57 3 33 56 33 49 3 21 74 75 93 83 47 24 98 72 8 21 46 8 1 13 85 17 97 43 79 32 48 30 29 6 88 87 81 51 82 16 40 11 90 38 61 95 19 46 53 91 20 8 35 83 60 14 2
82 52 55 38 15 3 71 12 54 68 77 81 18 49 34 66 57 73 38 61 10 57 88 50 21 19 38 84 37 27 50 69 10 56 40 62 17 8 68 80 29 8 97 3 78 82 74 10 43 21 60 90 91 46 15 24 52 58 47 28 16 19 23 77
28 26 10 5 24 15 9 75 15 57 39 93 71 89 92 6 43 79 64 84 13 33 83 32 14 53 69 35 11 73 3 47 52 65 30 81 52 10 98 48 25 86 11 21 87 88 71 67 94 54 14 98 73 1 61 58 30 31 56 22 53 55 30 54
15 40 4 13 15 52 33 20 17 91 13 59 27 77 88 69 96 48 38 16 32 79 80 32 2 92 8 92 34 92 41 84 38 80 1 4 34 43 18 68 33 27 39 84 87 28 6 76 36 25 5 83 77 63 2 80 8 7 42 1 53 33 26 11
10 5 94 29 63 14 1 33 74 60 1 99 62 13 87 76 32 94 36 60 13 72 21 96 41 34 76 41 88 34 5 3 1 67 34 59 37 42 26 62 84 51 78 92 84 46 33 49 15 23 33 12 77 28 84 40 56 64 47 59 89 63 31 53
100 34 41 2 53 92 27 62 78 64 95 5 79 60 57 61 23 77 40 10 76 53 36 63 56 89 44 96 1 38 22 29 74 84 24 75 71 78 32 87 72 89 22 38 47 98 69 81 25 79 18 64 56 4 97 53 94 90 71 45 8 84 11 58
56 32 25 99 41 58 100 52 63 8 98 80 75 38 95 18 70 98 56 87 84 17 55 8 5 66 41 46 9 19 26 26 58 78 89 19 55 48 79 66 14 67 84 49 67 39 16 94 64 60 5 67 69 95 90 39 60 65 81 97 4 60 94 12
2 85 59 48 24 59 95 92 73 89 35 82 6 11 36 33 65 88 29 85 100 3 24 84 47 65 77 94 25 61 68 40 88 73 92 39 79 66 56 36 19 100 6 24 33 15 73 77 8 59 89 40 10 99 88 66 75 57 32 91 76 68 83 57
74 51 8 79 100 100 93 53 25 88 72 62 56 80 73 31 56 96 54 10 62 86 25 60 6 69 55 96 4 7 34 40 96 60 53 8 69 56 14 86 55 83 80 75 87 54 54 26 71 81 26 34 73 91 7 91 8 9 77 75 99 90 77 24
93 52 100 64 41 42 94 27 76 62 27 7 96 74 70 14 15 85 100 18 43 66 86 61 37 32 85 2 8 51 61 57 79 89 64 55 55 39 81 99 9 81 58 72 96 59 2 84 73 39 47 71 26 18 67 94 42 34 88 12 88 3 81 78
25 65 47 55 52 91 32 70 88 31 92 77 54 38 76 3 3 17 18 59 17 60 2 12 92 71 4 98 71 25 54 25 66 60 8 18 35 24 77 88 59 18 73 77 19 92 3 84 7 45 79 88 68 90 14 30 38 2 70 20 64 69 25 59
48 10 57 30 40 84 95 41 94 71 44 48 83 28 46 78 34 46 62 14 26 93 45 78 86 56 87 45 66 94 97 23 79 11 72 75 42 2 33 43 35 71 50 90 65 72 8 88 2 96 55 74 100 69 28 57 6 30 74 14 18 27 79 19
21 41 48 30 79 86 35 45 63 7 62 52 19 95 53 16 44 12 2 42 47 86 84 2 60 2 66 23 70 44 72 14 1 11 63 87 6 34 4 69 89 58 26 86 67 59 41 26 88 66 35 14 90 59 45 87 62 78 17 45 78 83 67 67
46 40 70 99 74 77 87 70 69 98 42 20 55 84 2 37 51 23 37 13 54 51 99 46 51 58 45 65 28 74 75 86 45 52 23 44 26 42 84 23 54 28 62 60 42 50 20 40 66 1 16 25 35 100 68 21 3 33 92 43 76 100 84 6
34 5 14 27 31 43 84 31 51 32 15 19 1 17 51 39 28 57 18 53 87 75 97 36 54 99 14 5 23 83 31 93 12 35 48 96 30 98 23 61 18 55 59 63 59 68 68 22 69 3 52 2 33 53 85 92 64 4 91 55 9 90 13 76
72 39 32 90 17 67 72 8 82 15 58 93 52 88 21 45 60 42 56 84 14 20 27 96 89 14 66 14 36 67 9 96 65 65 100 4 42 18 42 75 81 26 77 43 7 51 33 57 31 27 69 54 43 98 86 3 91 10 12 85 11 2 38 93
87 45 50 89 31 20 26 89 34 62 15 6 52 52 14 36 19 53 43 65 1 3 95 94 67 2 14 41 18 4 36 3 89 39 22 70 48 52 51 34 29 32 47 89 53 44 3 61 49 66 76 49 51 18 74 70 3 75 84 39 14 17 60 92
13 13 84 92 64 51 67 10 46 88 8 83 63 17 31 99 23 1 65 30 75 96 82 80 54 57 1 57 49 48 17 9 58 38 58 88 64 71 58 23 93 58 87 70 16 90 18 24 52 45 89 51 40 91 86 64 54 12 74 61 13 34 16 64
58 12 59 76 71 78 75 93 84 98 56 46 26 33 83 60 2 23 17 33 88 10 59 28 39 60 24 92 7 17 48 37 1 16 66 78 98 62 95 89 19 76 20 75 28 18 89 48 66 12 39 60 51 86 4 46 8 19 7 77 36 63 89 1
63 81 17 65 29 79 7 90 11 77 90 60 31 84 9 34 67 74 21 84 89 89 99 75 98 73 43 75 35 87 30 81 69 93 31 28 17 16 22 74 28 33 88 52 2 38 14 90 79 25 91 58 53 46 73 13 96 66 83 32 8 17 28 31
