128
17 43 71 12 81 9 24 54 82 67 70 78 77 93 55 75 16 40 94 79 100 98 64 60 24 98 78 4 77 88 42 98 45 85 34 13 19 53 64 90 45 66 54 94 29 91 2 4 48 60 44 2 83 17 39 85 90 90 35 12 98 64 66 19 71 72 36 46 52 39 24 65 33 85 43 47 33 77 27 89 9 94 12 90 23 88 80 72 3 28 57 79 48 86 74 76 92 23 45 67 45 65 21 83 81 82 74 73 29 34 71 50 37 25 78 14 69 55 9 44 82 18 96 61 94 19 35 36
33 7 73 86 93 73 73 88 100 2 9 62 81 78 57 54 3 75 67 37 43 50 98 67 50 82 88 88 85 39 20 9 93 12 96 19 42 14 32 60 62 27 88 85 26 93 61 85 31 45 20 27 22 13 68 10 77 79 68 62 63 32 31 82 25 38 3 70 25 28 45 28 100 51 1 56 42 4 99 51 27 65 10 95 38 37 15 25 46 37 10 81 94 32 55 84 32 16 57 27 28 57 41 17 45 77 95 15 50 63 50 100 47 78 70 65 5 44 55 51 48 21 89 79 29 66 45 73
93 53 100 94 82 75 43 12 80 51 96 37 28 68 93 72 80 48 52 58 73 80 99 44 2 15 69 1 88 38 25 41 12 3 67 39 77 57 99 54 19 3 61 61 64 3 77 75 65 91 11 8 6 40 49 34 95 41 19 99 68 28 15 58 95 56 31 74 2 54 47 57 15 29 55 53 24 6 8 81 23 29 8 5 87 13 23 3 53 94 51 50 81 26 91 29 45 65 77 55 12 9 97 48 90 89 52 89 51 55 75 50 23 77 48 54 40 53 4 90 34 5 85 3 5 82 59 83
93 83 93 10 17 91 46 38 92 32 64 60 84 90 81 81 67 46 33 69 88 80 10 26 46 30 33 50 77 85 65 82 42 36 92 91 96 50 9 11 76 48 85 8 8 51 18 82 4 76 48 85 28 3 94 81 91 61 18 23 96 67 20 57 45 16 56 53 42 11 84 46 7 43 74 85 22 45 56 77 66 91 67 100 38 60 70 51 32 66 12 13 62 33 55 75 3 2 9 52 21 75 35 58 96 38 57 32 37 37 59 18 30 83 83 36 99 99 54 60 89 53 96 16 28 12 3 18
91 100 7 73 69 59 2 64 51 96 45 92 98 66 29 46 6 19 72 31 50 72 44 93 56 53 55 5 91 37 2 98 8 18 62 87 100 53 38 76 60 74 96 41 32 85 71 55 50 70 69 55 70 55 15 46 42 40 84 24 100 50 22 95 50 57 84 22 54 9 72 23 100 94 81 49 15 30 85 100 99 70 78 45 74 100 43 12 46 64 35 10 85 27 23 16 10 29 55 66 56 45 88 86 62 49 95 57 73 8 84 11 33 96 6 75 46 3 51 82 44 13 73 40 22 36 33 81
4 5 21 98 11 85 43 74 11 23 75 93 3 16 38 51 67 79 17 39 89 3 88 76 8 6 72 99 15 11 51 36 22 79 12 35 16 15 99 10 66 46 56 99 16 78 35 85 56 29 18 73 4 7 18 1 57 2 24 78 2 61 80 90 96 69 88 14 100 73 82 51 7 67 47 94 14 16 77 80 39 96 67 88 92 34 52 28 13 41 77 93 96 93 76 75 9 29 9 90 95 52 72 34 3 55 30 55 82 39 96 29 96 53 99 41 86 86 91 98 6 3 4 34 36 69 32 31
13 100 30 64 20 39 10 38 71 25 87 25 12 56 99 98 39 100 93 17 94 51 100 52 87 100 87 30 78 84 82 21 81 73 21 37 97 77 37 80 56 88 54 47 50 23 28 6 22 94 47 49 90 20 9 88 70 85 32 53 99 70 28 66 83 89 11 84 95 44 49 32 36 26 93 22 64 6 57 15 77 12 88 58 5 38 30 38 5 96 9 30 34 23 95 5 80 54 60 61 93 68 89 64 54 95 98 93 45 70 8 63 81 28 6 12 61 74 13 76 68 11 15 95 36 59 13 82
59 85 51 24 71 58 55 11 74 45 16 53 26 100 94 5 39 18 11 23 24 18 13 47 80 43 62 59 55 90 17 59 72 79 13 90 24 68 34 66 61 78 1 77 31 36 83 92 96 97 12 55 80 8 90 23 52 49 91 3 54 30 81 51 18 8 67 7 3 79 66 99 88 18 93 83 42 48 90 69 78 74 30 66 37 69 33 79 52 69 13 100 36 21 69 88 39 35 90 61 82 7 26 97 67 12 14 12 1 16 99 97 50 31 26 76 56 95 7 7 98 91 70 63 10 89 16 1
45 63 17 100 46 43 38 33 3 57 97 40 27 55 97 4 6 32 61 49 100 38 29 36 80 35 24 12 69 24 32 33 65 2 56 87 6 10 8 59 78 52 38 7 66 54 49 60 79 55 79 16 15 37 60 95 99 69 72 74 3 77 32 77 24 62 36 77 44 47 87 25 55 68 70 80 61 37 83 70 81 48 12 8 31 60 36 88 35 46 85 99 33 96 88 36 36 74 77 19 71 21 54 17 10 56 66 32 49 61 12 6 63 11 13 24 92 80 9 3 48 67 71 12 67 76 11 10
34 34 82 85 24 60 30 31 85 66 66 53 80 30 72 49 2 2 17 19 6 70 24 40 87 70 62 77 86 38 57 8 18 70 60 16 78 13 9 60 73 99 26 83 70 33 92 69 16 71 19 19 23 28 18 67 38 41 33 97 55 32 51 81 32 41 71 8 86 37 25 16 24 86 96 68 65 14 84 18 98 13 84 61 42 22 40 98 95 53 34 35 53 69 45 90 60 51 93 7 47 5 30 69 70 84 19 48 43 62 60 58 79 54 80 58 33 63 1 2 47 31 58 58 36 69 97 86
52 97 20 38 91 40 11 17 89 6 60 59 34 25 76 8 16 53 32 87 93 2 47 31 3 35 31 7 20 44 76 26 75 36 83 59 2 78 24 80 79 66 57 73 64 55 94 20 5 38 10 3 26 54 57 74 29 79 21 96 85 1 89 4 87 81 91 35 53 50 52 14 71 58 96 52 31 69 81 76 16 62 31 84 39 45 67 40 24 64 81 30 20 69 39 20 36 19 2 42 71 92 94 55 52 58 11 30 99 47 20 11 56 82 95 86 79 81 15 62 7 43 10 53 70 54 100 60
86 54 24 94 31 82 73 89 27 45 15 27 20 40 54 65 58 68 43 42 77 49 18 25 37 11 45 17 29 15 26 9 66 79 24 94 68 98 74 41 98 56 45 77 80 20 52 55 90 35 36 71 31 41 70 25 60 15 70 79 44 73 75 91 43 71 85 12 18 4 3 97 69 56 44 88 71 36 4 75 95 98 66 19 8 94 60 46 72 91 61 19 52 35 71 25 26 5 66 87 86 57 73 42 78 46 59 27 90 15 34 17 52 55 85 24 72 72 28 67 17 33 42 91 38 49 76 16
85 3 4 54 33 48 15 29 55 81 68 26 55 72 44 23 63 95 68 5 35 55 31 91 4 72 83 89 18 81 96 61 8 2 29 94 91 54 14 77 97 27 31 16 57 51 80 60 66 27 90 77 37 66 45 2 48 99 4 46 49 22 16 93 67 47 13 14 8 30 69 79 80 29 66 85 30 97 24 14 70 37 35 90 47 16 88 43 43 95 22 52 65 15 46 36 26 13 38 50 8 15 77 54 89 21 54 63 45 38 13 18 23 72 32 95 93 80 66 22 50 97 9 3 33 7 8 94
59 45 91 89 85 65 48 8 69 42 58 28 36 11 77 1 90 45 6 30 13 90 50 43 23 86 86 67 37 30 33 62 4 32 85 25 15 19 36 30 13 93 80 41 43 94 8 59 75 68 69 38 33 60 69 60 43 1 32 86 92 4 97 63 37 97 3 36 100 78 3 10 62 10 37 2 84 79 54 57 50 7 17 7 71 32 38 58 95 76 24 93 70 64 73 10 71 20 67 83 32 19 2 79 41 64 60 38 55 59 31 50 23 65 74 30 63 50 2 57 57 1 3 57 68 15 9 88
78 78 37 42 80 27 91 79 10 88 21 5 46 47 71 35 22 88 40 2 18 55 14 44 18 13 60 57 84 12 33 73 45 21 26 51 11 54 65 55 49 26 84 27 93 14 82 23 9 98 78 25 96 9 26 27 24 9 53 75 32 61 84 61 43 56 51 91 26 11 18 74 63 10 83 50 46 57 45 37 16 48 22 56 6 44 22 15 45 80 41 18 73 48 64 35 31 77 95 84 28 66 30 63 10 60 21 28 66 92 31 39 6 6 8 69 41 29 56 24 68 80 53 64 76 95 21 47
76 2 9 25 11 91 76 83 60 8 98 31 50 65 38 78 66 59 31 40 25 75 32 5 18 9 73 32 99 35 48 34 6 46 30 30 75 14 62 17 78 51 61 76 72 98 63 60 10 45 29 68 93 49 98 5 98 27 54 78 2 19 18 49 86 12 24 14 67 6 86 91 24 24 81 90 59 53 93 52 24 14 91 12 97 28 74 37 60 96 61 18 77 43 35 28 13 13 59 96 46 92 25 14 88 2 53 86 86 23 19 4 27 5 86 56 27 69 95 97 96 36 28 70 12 1 13 73
46 15 97 20 75 83 41 45 46 25 27 80 97 48 80 99 52 53 25 94 69 5 87 86 59 20 54 26 71 64 84 64 50 9 17 14 33 41 22 91 39 50 52 17 53 57 32 22 67 25 41 54 82 69 63 66 6 81 10 51 3 87 22 95 77 99 58 61 58 59 40 19 81 24 56 34 2 35 33 68 6 70 97 29 100 42 50 45 66 55 82 98 80 31 5 37 61 27 90 6 11 71 37 99 88 86 50 41 77 10 70 56 35 7 18 45 60 23 34 77 31 41 34 61 52 22 84 24
44 16 9 79 69 91 36 78 35 91 48 29 18 74 92 85 35 30 49 50 54 28 33 93 80 89 98 39 33 27 98 63 26 36 54 50 36 70 75 63 39 63 25 5 15 21 80 5 19 38 39 29 8 13 97 61 17 14 82 35 10 60 97 71 41 4 59 5 85 78 71 48 59 68 87 49 85 16 42 17 65 91 46 44 87 19 29 58 43 35 17 77 77 6 97 38 54 97 15 46 26 21 3 49 36 17 78 98 63 81 24 96 82 96 69 97 18 47 36 83 47 34 15 63 92 82 61 11
87 1 71 24 94 70 21 78 38 89 1 55 29 18 57 39 93 11 11 21 45 54 99 83 27 50 60 33 66 8 4 8 69 79 50 82 62 23 87 30 51 83 74 19 49 43 20 43 53 74 55 93 8 75 74 8 31 87 22 63 67 14 20 52 12 62 99 41 87 89 32 7 80 91 2 48 52 58 37 99 79 68 73 76 46 71 11 93 26 52 92 86 56 70 38 35 8 74 51 96 70 99 41 53 78 5 82 39 24 38 86 19 17 92 63 81 20 2 10 62 95 24 53 40 48 38 100 100
53 70 29 47 51 40 65 28 9 34 27 37 27 51 51 83 30 77 1 57 75 22 83 59 49 32 62 35 93 50 67 58 2 13 60 47 18 16 58 100 20 60 18 68 51 96 78 15 6 11 27 8 7 4 63 2 76 79 67 55 87 12 50 21 38 58 22 84 54 31 34 58 54 11 79 100 82 68 76 81 99 1 48 29 75 88 20 65 6 71 46 71 4 34 58 64 76 82 14 77 100 100 57 60 79 65 82 22 99 53 30 12 90 52 79 73 24 48 12 80 7 86 68 93 59 82 84 11
83 20 51 10 44 85 48 97 43 70 67 55 96 44 41 53 71 73 91 40 38 96 58 72 2 57 85 36 87 57 8 49 32 38 83 79 35 52 22 89 54 100 1 85 28 76 96 40 64 11 100 90 20 1 35 10 13 90 45 21 57 100 22 61 76 27 42 68 30 59 50 100 88 26 47 22 85 100 61 95 53 6 71 86 92 36 2 87 28 97 29 92 2 17 91 88 46 23 11 58 50 63 41 81 20 19 71 80 86 70 92 52 46 72 53 56 27 51 48 30 96 66 17 63 82 39 28 19
77 47 19 46 80 56 59 39 80 75 63 90 99 59 84 4 67 8 35 81 96 72 67 24 47 39 75 89 63 91 98 98 55 80 60 4 75 28 50 28 31 66 93 29 93 1 34 80 61 26 28 14 51 20 53 71 32 35 70 59 33 8 52 62 96 54 40 48 8 44 10 68 78 14 86 83 5 56 31 42 39 6 74 16 27 62 23 72 92 80 7 23 28 50 75 3 45 71 45 50 31 64 68 89 100 93 20 24 39 5 78 9 34 83 79 21 65 80 69 24 55 77 97 32 97 68 72 54
98 49 39 57 66 70 96 93 1 55 56 24 85 59 31 6 92 51 67 28 73 71 28 61 49 88 40 12 86 74 66 1 51 89 79 45 23 27 45 55 97 75 90 87 69 9 65 38 81 93 68 13 95 68 81 1 52 50 44 56 42 49 32 18 79 72 67 100 35 73 6 33 16 37 24 4 21 83 69 89 32 41 20 68 23 88 75 28 55 13 58 51 54 70 51 30 35 77 12 13 30 23 96 15 35 23 74 41 74 43 58 46 98 56 5 68 15 4 74 2 55 2 42 18 5 64 87 99
70 22 33 15 14 6 68 86 31 48 90 43 86 2 21 48 43 33 5 60 58 42 29 81 80 5 53 86 63 86 91 33 87 39 71 22 93 27 47 20 64 2 12 71 86 60 82 59 55 39 87 76 36 4 79 83 26 89 57 87 83 23 36 28 17 66 43 16 11 47 90 98 84 35 44 58 41 73 98 69 78 61 5 74 40 15 70 64 27 31 71 76 49 25 64 23 13 64 3 48 12 97 71 51 60 47 55 93 62 45 68 16 82 95 39 2 94 97 9 22 51 90 24 78 26 54 71 91
79 62 43 61 35 13 95 27 36 23 7 29 17 43 85 34 44 48 48 87 5 62 32 27 15 87 48 58 48 65 8 49 19 30 12 45 27 92 31 84 14 77 6 18 82 37 92 31 64 75 56 51 46 40 4 79 32 23 89 17 25 12 12 93 13 69 59 13 85 81 72 7 58 30 74 66 12 69 82 84 100 28 56 49 52 22 44 86 75 16 51 14 79 71 61 62 13 31 3 4 19 85 21 52 26 11 59 20 34 40 12 64 30 45 43 36 56 35 68 69 75 61 53 9 2 100 51 23
71 66 33 9 43 1 5 15 25 81 51 71 76 32 45 86 41 53 77 52 34 37 70 93 36 22 22 36 41 11 3 82 87 86 21 24 93 79 6 18 94 85 43 95 7 43 17 83 40 1 56 42 88 42 12 21 82 44 6 100 6 81 91 21 84 65 72 25 62 9 23 36 6 26 98 5 9 56 27 1 93 17 32 91 47 66 53 98 20 89 14 93 3 74 95 60 9 54 92 74 71 26 61 32 4 66 58 36 79 31 58 29 83 87 39 92 96 98 93 50 41 1 76 46 96 97 85 42
56 28 82 41 56 47 36 30 52 53 67 55 45 18 16 44 2 65 52 33 26 100 50 18 30 93 35 94 90 82 20 46 16 55 62 61 84 35 15 4 21 69 21 92 14 3 97 85 61 5 71 13 14 28 55 15 17 61 62 76 38 82 80 23 54 85 11 7 95 77 76 97 90 6 46 99 45 69 79 55 26 14 23 80 28 80 78 2 40 19 89 55 78 8 22 57 6 80 42 95 63 98 90 65 81 70 100 35 44 90 41 40 83 38 2 99 49 67 71 94 42 67 79 62 91 77 56 49
2 45 91 8 91 95 37 41 11 100 98 71 88 46 2 62 23 65 20 38 30 11 50 93 87 76 13 67 84 93 52 35 21 10 43 54 24 97 39 34 78 25 62 26 68 64 88 52 55 60 94 82 68 69 83 40 7 100 99 78 1 49 66 16 64 15 74 33 91 49 19 39 63 36 1 26 62 88 27 47 43 20 52 78 12 78 20 98 64 15 19 57 55 57 1 22 48 32 22 50 68 23 91 86 61 85 8 83 35 62 62 18 70 55 65 93 90 28 39 55 51 83 87 71 90 3 78 99
41 12 79 34 69 52 65 3 40 16 90 8 54 55 98 13 21 96 5 7 57 60 20 53 6 40 40 57 62 21 47 20 2 51 17 95 62 92 89 12 18 9 16 42 40 95 61 37 99 29 25 28 79 89 42 48 54 8 48 24 48 100 14 19 61 85 27 98 11 2 4 46 72 60 96 14 39 39 98 46 61 45 74 30 32 48 4 86 81 30 60 68 84 14 94 56 18 9 93 67 37 59 33 91 68 81 81 25 14 65 89 76 82 29 20 17 31 67 80 8 23 41 62 23 20 73 92 3
66 23 85 10 12 91 90 53 18 23 88 58 73 84 91 86 37 63 14 16 85 62 85 84 87 49 66 27 6 100 9 52 43 99 80 74 74 37 16 52 58 29 55 8 12 84 4 37 18 59 70 86 69 63 77 64 89 49 28 22 2 39 67 57 7 77 6 18 64 29 42 38 55 7 14 42 85 97 62 87 72 13 73 64 33 60 78 61 33 63 80 72 7 81 67 88 30 83 13 20 97 7 70 38 43 34 91 82 5 86 54 20 57 91 13 23 27 76 24 54 92 3 3 9 26 19 69 24
30 73 67 99 46 51 88 17 69 78 39 14 62 67 60 88 37 33 38 69 54 62 39 20 38 58 5 6 47 24 92 64 19 3 73 72 62 40 3 77 85 52 80 21 71 44 21 91 88 86 41 48 48 22 29 88 75 6 44 71 55 52 48 58 73 25 15 27 14 40 2 70 45 84 88 41 45 80 32 73 39 59 69 89 77 59 9 19 16 53 61 66 64 69 92 74 38 2 30 26 51 8 40 43 42 24 90 49 87 85 57 47 33 6 47 70 70 48 50 15 72 98 47 59 74 8 8 82
50 55 2 34 96 36 47 6 59 66 88 69 17 34 72 42 12 35 46 6 71 32 51 41 71 17 31 86 59 47 7 65 88 35 81 68 58 1 67 23 55 98 14 4 16 7 31 79 33 33 59 63 17 48 39 89 2 80 91 55 74 9 57 57 45 8 30 79 76 57 15 32 67 79 4 93 96 56 58 72 4 31 9 98 39 68 91 53 84 85 97 62 90 97 42 4 33 87 91 48 82 42 67 84 42 39 2 1 99 93 64 45 44 80 84 24 92 78 82 35 57 24 72 39 51 40 37 49
2 65 87 15 91 14 66 15 96 4 84 20 21 14 90 87 73 60 93 98 6 73 60 77 4 71 83 21 62 80 15 45 94 91 34 35 19 7 63 36 89 47 8 4 50 28 71 25 24 11 48 40 65 75 42 14 93 92 51 49 92 67 74 91 16 60 93 50 18 21 71 51 36 63 96 33 48 37 34 20 77 90 75 66 10 89 36 54 43 86 95 84 16 95 93 94 39 36 34 94 48 32 58 100 37 72 28 87 39 14 6 95 25 54 39 58 65 67 94 85 22 48 91 56 67 51 12 53
24 95 36 17 63 20 52 27 30 39 73 61 37 29 62 81 60 63 11 49 93 11 80 7 61 54 62 32 23 94 34 73 71 93 5 41 28 37 78 73 76 30 39 98 88 84 94 91 83 17 43 44 71 92 72 79 100 78 96 18 17 64 57 3 94 60 17 35 58 87 20 90 63 86 49 43 45 83 94 21 47 8 79 51 94 1 81 10 57 27 76 72 70 1 27 90 21 21 92 17 84 37 7 91 36 21 43 31 61 21 80 71 10 6 88 54 1 15 5 57 21 4 55 55 49 7 18 75
17 40 86 81 44 54 21 10 56 50 3 92 15 1 34 98 32 60 18 95 33 3 95 55 67 99 34 1 54 21 34 99 37 88 12 49 98 60 35 99 75 39 6 86 53 72 66 85 82 36 83 96 4 40 60 77 5 97 82 11 24 23 43 38 97 39 85 49 68 23 71 46 51 80 98 61 65 2 14 43 73 70 67 93 10 60 85 11 44 23 74 76 73 62 29 69 76 86 93 16 2 61 91 15 70 92 99 36 80 62 52 37 31 51 60 100 51 28 82 64 90 96 54 21 48 12 68 53
41 91 89 20 68 81 2 15 9 47 23 11 84 46 36 28 76 28 11 5 89 32 63 96 57 27 24 75 14 48 39 49 95 47 16 17 67 37 92 93 11 18 37 95 73 11 74 54 38 39 14 78 22 11 35 71 21 23 56 72 62 51 48 48 53 77 47 26 71 16 95 53 94 57 31 73 17 44 10 25 92 72 15 14 92 3 29 40 77 31 35 65 45 35 85 35 40 54 58 33 92 46 74 94 85 96 23 81 66 52 50 49 20 44 43 94 4 12 42 46 43 97 17 76 34 3 4 76
19 42 20 16 74 32 31 82 69 70 82 18 60 78 95 79 1 8 70 81 89 9 13 52 69 57 25 65 6 25 25 31 38 65 25 97 100 18 42 44 75 68 84 80 87 43 16 88 21 85 90 27 74 53 24 98 89 50 54 29 49 40 64 88 4 6 25 21 42 66 21 79 81 11 84 18 46 11 40 68 11 23 31 19 88 42 16 82 84 52 18 17 99 85 89 23 85 20 3 57 21 74 3 8 44 50 17 19 50 83 70 55 6 73 82 39 92 78 45 63 75 45 9 82 98 51 98 90
35 85 71 22 98 2 55 36 57 91 30 15 41 8 26 75 40 2 57 55 27 73 48 93 46 99 88 46 79 59 25 33 42 63 89 39 90 41 12 50 29 48 25 21 43 29 11 19 48 21 71 38 96 65 48 69 85 89 96 1 74 64 65 18 1 3 7 10 10 89 38 30 92 17 43 86 29 48 3 45 13 44 54 97 62 66 72 19 48 33 96 27 46 86 35 97 19 54 38 20 33 68 10 100 30 76 60 80 20 13 76 97 20 67 76 46 84 40 1 2 63 50 34 39 53 60 49 95
35 12 54 60 84 53 31 87 39 12 15 5 7 42 36 58 49 76 14 96 61 92 42 38 38 57 31 54 31 16 22 20 72 87 2 85 57 39 65 20 2 70 63 23 95 55 90 21 85 81 23 64 15 98 30 68 9 72 94 95 97 85 2 2 9 100 53 88 54 17 95 46 100 29 47 17 75 47 39 91 54 69 56 17 91 46 45 31 9 60 54 2 91 23 23 50 87 2 68 100 47 91 13 71 42 3 5 73 24 77 95 6 88 89 84 35 89 13 67 68 62 90 34 86 32 69 84 43
25 15 100 23 73 11 26 29 20 67 90 93 24 83 22 86 10 56 66 1 13 61 42 53 96 28 34 93 100 22 55 38 78 6 4 74 48 31 98 76 87 4 26 20 7 25 2 10 47 84 20 14 48 57 86 52 95 47 45 7 49 44 5 9 4 75 90 69 5 95 2 3 71 85 84 3 29 48 28 12 66 44 40 31 67 26 6 96 60 65 91 64 37 87 55 6 70 83 92 22 62 48 13 86 98 67 80 80 67 78 22 6 39 42 20 31 56 16 47 93 7 10 88 1 88 52 61 43
74 87 58 73 11 68 17 46 50 20 4 82 39 32 75 35 28 32 20 1 69 1 67 54 82 4 37 28 76 63 16 11 96 14 77 38 35 30 43 47 50 75 69 69 50 67 13 43 97 39 42 57 100 1 33 49 8 82 36 22 32 70 81 11 70 58 17 88 46 87 27 13 64 1 93 90 67 37 93 79 52 26 41 76 96 31 47 90 51 24 17 47 81 82 36 15 85 91 2 53 52 81 99 67 31 8 91 61 11 91 17 14 98 65 55 69 74 70 93 31 14 23 14 1 96 16 64 59
12 17 100 43 45 81 89 3 23 66 9 81 82 86 73 96 31 54 65 62 80 63 8 2 58 68 48 89 91 81 51 45 51 32 49 5 21 37 67 76 22 64 72 57 5 30 3 20 50 41 76 17 69 40 83 64 39 62 41 13 19 74 19 86 6 26 100 1 14 69 100 23 29 77 62 70 99 45 97 29 90 84 26 69 99 62 84 87 84 56 58 100 15 16 78 61 87 97 85 5 69 76 41 99 95 72 16 51 78 63 7 37 90 34 16 90 69 1 4 58 80 13 68 41 52 2 7 6
30 97 13 35 24 72 39 53 72 33 57 96 69 37 89 78 73 37 70 79 64 26 30 9 94 100 33 68 22 79 58 23 52 3 93 100 32 43 72 15 100 9 39 95 60 84 70 81 67 72 16 78 37 36 46 72 14 92 22 43 52 52 83 16 22 8 75 83 97 34 9 15 12 91 31 90 70 53 45 67 34 3 94 10 12 1 55 61 21 22 51 86 30 11 93 54 65 43 22 39 42 57 98 27 59 13 12 63 49 14 84 75 38 62 89 43 9 35 26 76 81 32 44 16 70 85 33 57
79 18 6 22 100 30 73 35 76 76 100 38 97 75 84 8 30 57 87 82 99 96 68 34 64 69 25 23 96 20 89 8 94 96 23 40 23 31 94 26 53 2 2 19 11 21 28 10 58 2 61 80 81 7 29 23 85 95 30 63 45 84 18 86 39 83 47 29 33 89 2 10 47 3 91 48 55 85 81 66 9 75 74 82 86 3 18 82 75 27 45 82 9 96 98 34 47 48 90 56 78 89 9 57 13 88 10 84 62 33 8 19 67 99 14 85 2 2 52 8 74 97 73 58 90 75 13 37
75 70 5 47 25 7 8 73 55 85 91 16 47 86 13 27 2 50 51 32 32 7 32 85 49 41 18 74 81 25 53 42 61 5 1 38 78 75 6 84 13 93 15 95 63 55 4 33 84 86 20 21 65 22 39 39 37 12 2 12 84 35 47 88 88 77 90 53 16 59 89 60 65 56 82 92 66 14 93 64 15 7 29 50 85 4 57 19 16 22 5 77 35 8 14 70 95 6 58 4 58 76 3 55 60 63 15 79 12 83 4 54 97 35 89 80 94 36 24 100 94 98 25 39 67 15 45 27
93 44 58 22 55 22 68 75 72 79 84 42 84 54 19 97 15 19 75 22 71 20 2 17 32 73 69 6 95 73 7 48 21 46 30 3 4 35 14 71 83 87 62 12 31 22 46 16 52 71 5 55 41 1 76 16 85 3 66 20 24 51 71 16 14 69 48 91 88 82 36 56 88 70 95 21 45 58 8 66 26 19 52 62 87 19 77 38 69 98 7 76 82 94 65 63 10 85 90 78 43 65 89 48 25 9 9 89 56 97 62 55 48 92 69 99 71 73 31 22 60 90 8 70 81 82 60 60
70 28 29 30 48 58 90 38 33 7 33 30 54 57 39 93 16 24 57 80 91 25 32 33 5 19 98 68 99 4 67 27 29 65 59 38 37 67 58 83 32 45 49 87 34 77 14 68 22 85 38 96 55 21 40 23 72 45 34 3 92 65 70 69 71 86 35 99 46 12 74 23 29 50 72 88 69 82 95 46 90 41 68 48 88 36 3 6 14 91 40 96 24 12 79 41 27 27 44 16 70 42 65 23 48 100 51 32 6 80 40 88 41 35 67 21 59 50 7 66 67 99 67 100 31 89 13 27
4 13 5 23 62 66 19 43 86 51 91 94 89 73 100 8 78 91 77 65 30 40 47 85 61 22 89 71 1 17 98 60 28 27 81 41 41 13 16 26 98 83 8 62 3 99 87 41 98 48 46 13 37 8 29 1 73 36 10 68 85 93 3 52 26 4 31 51 37 18 89 23 97 78 5 94 48 99 64 42 29 17 35 22 96 27 86 85 87 81 6 69 29 26 88 60 20 50 74 100 54 33 12 30 88 21 72 99 34 9 60 14 95 62 49 34 22 9 36 49 93 18 87 16 38 81 90 70
54 88 89 24 60 59 11 55 23 23 14 48 3 73 19 54 98 6 94 68 91 10 46 74 2 21 89 92 54 68 23 6 46 26 34 5 6 7 98 15 86 76 98 7 76 88 58 25 37 65 63 36 12 43 36 66 93 91 84 10 70 36 7 72 57 50 88 42 62 85 29 53 91 22 36 94 26 66 65 61 39 2 42 78 33 36 98 37 78 90 20 39 60 10 26 10 96 46 25 59 84 4 95 75 21 59 82 62 69 31 14 84 25 10 41 30 66 95 49 10 96 8 88 46 42 38 5 87
43 42 5 27 5 16 31 27 77 66 56 11 93 27 6 57 95 19 51 13 42 7 99 46 33 49 5 69 58 74 14 5 97 78 98 20 49 74 50 78 67 50 2 17 100 65 38 58 43 29 30 48 90 60 53 5 67 42 33 12 87 78 99 42 53 1 27 89 73 12 2 44 4 25 59 91 79 90 92 76 89 63 10 94 36 90 32 21 31 85 12 66 78 49 33 6 1 82 38 67 30 62 66 31 40 9 63 66 100 67 55 40 49 52 24 12 34 55 23 10 12 1 31 55 5 74 2 30
52 63 95 93 63 84 55 97 25 54 74 100 41 100 60 61 14 41 71 58 16 34 49 99 65 31 12 7 57 11 1 77 82 25 100 67 14 28 53 50 83 93 30 12 29 75 51 14 69 20 94 94 74 43 70 81 60 43 23 47 46 88 72 78 15 82 38 25 74 16 76 66 21 16 17 43 16 21 77 28 24 81 89 31 59 89 6 96 50 75 21 23 36 35 50 95 18 99 50 41 37 55 60 25 59 71 75 33 73 8 7 17 82 100 37 88 11 39 84 37 60 94 13 48 9 37 50 7
25 40 21 56 100 73 66 88 86 92 25 34 10 55 74 29 23 45 61 90 9 18 10 76 13 85 43 72 43 13 65 19 89 33 8 27 73 74 22 81 41 43 15 42 27 80 42 12 17 5 10 73 54 32 72 27 68 63 10 76 27 17 100 2 56 69 80 7 21 26 78 21 20 1 3 56 83 58 94 22 60 48 66 31 68 15 57 17 88 14 4 97 88 69 24 52 64 14 88 46 27 71 97 50 5 52 53 61 92 17 56 43 38 3 75 77 19 99 3 97 38 56 69 68 58 9 50 78
68 61 65 17 88 59 61 9 21 15 64 34 47 52 29 36 14 67 8 32 83 17 71 71 99 25 97 95 53 74 41 10 92 94 38 71 24 8 8 30 17 99 19 80 64 68 67 12 38 38 39 44 12 20 44 51 15 92 34 49 81 2 34 40 98 87 80 9 22 89 96 49 73 71 64 90 54 45 60 34 89 67 55 21 43 25 48 37 58 99 25 86 80 62 4 83 93 17 78 89 100 36 84 56 27 63 8 25 21 28 56 36 30 45 91 100 23 92 2 23 23 21 74 96 77 6 31 58
48 13 26 51 98 81 43 56 36 91 49 21 84 45 100 79 2 6 81 38 63 15 92 23 49 56 36 72 68 47 17 5 51 24 47 68 92 14 97 64 55 12 25 26 20 47 2 17 34 61 48 21 17 49 66 35 58 36 27 5 30 65 6 22 78 12 37 27 38 65 77 26 41 95 93 55 39 74 31 3 77 56 5 7 80 55 61 11 25 68 67 7 55 34 42 20 98 74 37 24 31 20 9 56 87 23 24 77 81 48 28 7 70 48 92 92 23 75 47 69 75 93 39 54 10 78 50 17
94 84 25 99 3 48 28 8 77 18 38 20 34 86 50 69 29 20 31 95 40 24 4 22 94 77 83 60 17 43 37 43 12 62 38 83 30 69 8 65 64 92 46 7 83 45 37 71 51 3 12 78 28 18 17 31 82 22 6 71 67 9 23 82 41 69 18 76 81 33 27 62 81 23 36 11 82 83 4 38 62 43 94 81 90 20 3 86 12 7 21 86 52 15 97 29 5 27 77 50 75 31 50 23 69 56 64 43 51 54 57 58 70 74 44 90 63 9 53 14 30 46 13 100 22 9 93 79
94 62 100 75 79 31 40 31 34 23 89 55 94 25 35 35 56 32 91 22 69 84 12 4 71 82 26 82 74 34 96 38 10 74 59 73 17 40 97 23 24 3 18 76 49 14 78 60 90 80 12 46 96 77 74 67 3 94 77 64 56 25 74 59 46 31 57 92 15 83 14 3 43 88 89 72 60 56 18 13 59 69 33 16 98 10 2 13 94 41 95 65 4 41 28 2 78 88 5 9 62 17 65 89 74 92 63 27 70 96 96 83 38 19 69 41 24 60 82 59 8 20 85 33 1 19 73 23
100 32 10 61 5 67 14 78 39 68 60 50 46 7 3 21 73 27 76 70 70 63 94 55 22 56 16 24 59 49 45 86 64 50 99 91 60 82 54 39 81 65 3 12 24 26 49 11 95 94 36 11 59 28 8 43 68 15 35 89 31 84 25 96 61 24 61 29 57 22 65 32 66 2 98 1 81 24 54 69 54 87 66 67 43 94 8 38 4 42 8 99 43 60 99 61 18 50 21 91 99 69 99 50 17 67 35 9 33 95 63 70 84 18 46 100 26 94 44 27 8 25 79 91 54 59 35 82
24 83 32 11 60 58 93 85 69 41 12 34 52 74 91 92 91 52 81 25 27 57 99 7 93 79 64 36 38 79 86 62 79 5 95 87 92 43 3 25 49 56 88 20 19 76 88 94 63 37 80 21 46 29 91 33 52 65 61 40 98 44 20 41 68 21 4 64 75 74 65 66 86 59 62 14 90 65 32 15 8 62 67 71 78 21 96 5 29 24 91 58 95 29 79 59 62 75 21 29 71 15 82 59 35 23 67 44 95 42 43 95 16 41 11 28 31 80 95 67 9 38 59 47 9 16 49 43
41 99 62 47 26 73 32 76 40 67 3 34 61 63 29 25 46 15 84 2 87 89 47 42 37 25 48 31 23 70 76 19 49 78 25 4 75 60 4 3 10 7 87 33 56 79 51 22 39 85 44 77 74 87 90 83 63 45 26 98 33 45 84 45 59 45 30 91 90 77 63 58 28 33 26 76 61 4 14 27 57 73 42 50 72 14 59 58 11 43 90 25 81 12 37 76 81 4 93 2 41 26 29 32 81 8 21 65 69 3 86 30 39 98 55 95 39 92 39 49 69 6 27 18 14 10 17 48
86 68 16 62 87 44 94 59 13 96 94 80 3 11 37 17 96 87 45 51 66 12 35 89 10 60 6 86 70 30 26 92 51 33 14 80 95 60 52 7 13 7 37 8 64 73 8 46 17 4 36 41 52 63 71 13 37 73 87 36 82 14 17 67 37 71 52 26 74 83 63 98 13 80 89 5 6 11 4 45 9 8 29 7 9 78 16 37 47 100 62 96 19 84 49 24 88 50 20 32 45 12 39 45 25 77 38 81 26 12 8 36 61 35 29 77 90 4 28 67 28 44 23 56 41 97 66 93
56 74 30 18 30 70 54 29 93 12 46 2 91 48 25 81 26 3 5 54 40 4 27 27 76 44 41 43 82 26 99 92 52 59 29 49 68 61 75 81 75 1 3 28 82 16 47 64 38 46 72 31 75 73 97 15 41 84 90 14 63 59 1 65 17 22 51 5 52 61 33 9 53 36 100 71 66 3 47 80 48 70 98 27 85 92 8 81 90 41 80 82 23 27 94 43 26 1 82 89 1 24 97 35 56 88 30 77 95 77 94 67 84 34 37 60 62 96 60 37 5 36 23 53 79 66 54 29
9 3 57 50 43 14 94 64 23 30 20 33 22 4 97 48 42 56 88 26 51 72 63 80 3 30 18 6 9 83 15 13 3 69 84 39 35 72 39 78 81 88 74 6 54 90 71 12 94 49 73 21 31 84 28 55 72 35 70 81 65 73 95 6 27 69 79 83 2 96 98 52 51 19 56 93 19 45 27 7 29 72 50 79 13 15 96 29 47 52 28 7 2 36 53 1 79 22 48 86 1 51 72 98 79 8 88 13 64 76 91 68 13 16 43 34 75 48 82 99 1 32 43 41 39 38 68 60
64 41 72 60 15 6 10 32 93 95 77 7 78 2 46 64 76 7 98 12 7 52 53 23 62 66 65 44 46 86 44 26 43 2 33 75 65 91 43 65 83 26 65 77 36 95 99 69 26 41 68 46 95 15 20 73 57 99 49 74 47 34 37 59 3 35 58 35 50 86 44 24 6 28 9 43 73 47 71 70 85 42 20 12 20 84 65 15 82 65 2 9 61 11 12 98 66 50 86 81 15 26 17 94 19 9 77 27 79 60 14 79 50 38 66 99 87 43 88 17 94 53 37 88 55 71 22 46
4 72 66 20 40 40 3 82 35 84 79 56 21 64 57 92 84 73 22 93 80 5 82 78 31 92 72 90 32 78 10 82 95 20 79 74 54 8 19 15 1 27 17 4 90 56 68 57 23 35 92 96 34 39 29 80 53 67 37 20 39 4 43 98 96 94 76 56 79 47 18 55 7 42 57 44 72 66 47 76 19 18 70 61 47 13 22 73 12 55 12 39 100 62 60 62 41 97 55 79 90 21 72 39 17 68 37 32 44 51 45 27 96 96 81 63 97 70 18 77 46 88 97 4 78 56 59 100
70 81 53 75 11 76 88 52 22 5 90 19 99 9 6 14 44 37 28 81 4 24 6 14 95 42 96 39 54 62 93 11 71 11 65 50 26 100 38 17 23 58 94 78 87 18 28 39 24 32 86 18 3 82 7 62 49 50 30 34 42 29 8 2 66 66 93 64 21 7 24 12 38 20 51 69 91 7 64 5 10 49 99 40 48 93 98 35 11 39 82 65 18 11 91 51 98 52 11 28 50 46 60 14 32 70 85 20 22 43 32 35 52 21 21 38 41 17 61 89 95 94 51 35 83 19 51 91
66 51 63 36 25 39 87 65 70 94 72 30 41 50 58 27 59 44 67 19 81 25 52 51 42 43 51 52 45 99 25 23 69 88 82 12 29 39 3 67 4 44 90 13 6 48 48 19 14 19 100 20 46 23 3 78 62 77 17 21 27 36 7 53 84 23 38 92 61 13 29 99 74 5 92 44 40 19 72 98 11 1 35 49 96 94 44 31 8 80 47 63 6 84 100 51 63 77 2 22 96 55 91 58 40 3 12 55 34 100 86 16 16 82 76 48 96 76 52 84 63 96 68 67 64 18 99 41
58 68 46 87 80 20 33 28 40 23 90 30 62 99 74 45 57 1 70 85 75 56 21 55 64 17 19 52 81 11 92 8 72 86 63 64 42 83 52 73 68 65 20 51 34 34 12 45 31 73 88 63 98 93 64 59 40 95 70 72 38 42 91 38 36 87 7 96 36 24 57 54 83 19 31 46 62 99 62 66 48 47 38 67 74 65 35 88 85 82 58 29 52 22 89 79 1 7 71 98 6 40 57 72 36 63 85 80 58 60 88 76 87 86 93 22 80 44 74 19 50 88 52 25 37 46 32 27
72 14 73 81 77 74 70 36 32 90 6 57 59 64 1 100 88 75 50 88 17 90 86 40 60 77 42 27 88 77 33 33 51 69 84 4 68 83 60 53 5 58 27 60 69 86 19 4 60 55 13 69 83 76 35 10 60 70 51 69 87 43 92 50 15 28 69 53 35 18 95 51 25 65 70 2 33 91 65 88 21 75 100 58 83 31 66 34 82 94 75 68 40 69 60 82 14 56 55 42 35 33 37 17 33 53 47 14 33 29 84 10 62 76 74 97 49 18 58 73 36 34 48 72 38 32 8 80
97 73 33 41 18 22 50 67 93 28 86 53 11 48 79 40 27 99 4 71 100 30 93 70 35 31 27 28 33 37 40 48 62 22 69 26 38 80 33 36 73 13 78 35 13 35 85 28 34 15 44 16 14 8 56 9 32 87 10 84 58 21 19 83 29 68 58 57 99 85 87 100 54 27 62 90 62 85 57 5 6 84 44 68 35 94 58 92 92 7 74 2 51 83 20 33 39 9 87 82 16 8 95 15 59 79 17 52 54 90 85 9 36 33 78 18 98 100 82 47 83 64 35 10 23 36 13 86
83 28 33 60 7 51 35 87 8 97 94 60 82 53 41 31 73 64 7 7 83 5 59 54 98 80 42 70 33 88 62 80 49 57 83 19 10 5 16 61 99 80 68 96 79 36 44 89 36 91 56 40 94 81 68 7 94 47 86 74 6 42 60 39 94 76 81 25 20 31 38 46 17 70 8 43 91 18 49 31 49 87 26 24 60 37 51 85 65 58 43 64 61 28 82 38 49 27 91 91 57 79 78 48 63 55 86 65 75 92 68 53 4 75 23 35 62 92 70 66 32 77 35 81 71 54 61 85
41 61 1 2 52 13 98 46 7 93 97 21 19 77 9 53 49 28 19 4 90 73 75 53 62 19 20 32 49 88 97 34 41 10 37 66 71 78 87 80 76 63 14 91 88 62 43 2 98 5 32 34 16 37 5 28 14 72 4 87 58 57 82 22 41 73 11 91 46 80 14 70 52 41 64 41 98 73 100 43 73 7 33 39 100 18 9 34 5 25 84 3 40 79 59 31 56 46 88 88 45 99 19 59 9 1 25 2 9 58 79 16 60 57 82 10 17 2 95 80 3 41 5 64 80 16 98 72
42 57 84 99 62 25 22 81 65 38 60 81 52 12 96 7 100 6 81 1 8 19 2 73 47 37 56 56 88 53 100 98 53 40 86 46 32 11 58 52 66 20 62 92 69 10 47 22 1 70 60 48 62 70 2 69 92 1 78 61 9 99 31 42 11 29 93 11 71 67 38 89 91 66 31 16 90 79 4 85 75 81 84 4 14 75 19 56 71 30 9 81 56 19 70 75 5 76 92 37 43 63 36 52 80 42 79 84 26 84 26 61 97 72 84 8 76 39 76 59 98 92 39 77 70 86 94 95
22 95 48 55 46 68 98 14 95 87 51 85 94 50 6 8 99 80 14 71 90 56 76 70 78 14 7 48 2 59 79 37 90 33 27 34 32 7 77 49 98 69 81 99 59 98 37 49 75 84 37 91 3 30 90 2 55 93 11 21 27 87 30 12 54 63 40 62 47 46 96 54 57 54 65 54 11 13 100 70 23 57 30 97 72 21 88 70 79 40 46 73 72 41 37 63 80 2 11 47 91 6 32 91 77 9 66 14 56 36 86 46 6 48 16 5 94 14 82 99 99 36 71 79 80 60 51 58
75 59 78 42 17 92 28 52 56 27 35 82 42 79 37 89 38 91 22 17 52 26 4 47 85 25 95 80 90 39 94 97 38 100 5 97 38 56 26 54 69 81 66 37 4 65 8 21 97 33 65 30 1 18 98 69 64 24 90 81 50 23 82 49 36 45 33 39 73 84 31 55 68 93 71 89 36 99 66 76 63 96 52 74 63 49 48 91 97 63 35 70 47 45 84 17 1 85 49 72 8 1 94 2 17 39 83 67 85 51 2 19 79 54 21 83 64 45 27 16 68 46 73 65 72 72 99 18
59 30 78 4 91 8 25 89 49 75 80 20 76 81 74 99 38 43 92 78 77 98 65 56 1 40 3 84 96 87 61 100 75 75 6 100 44 43 24 58 43 83 38 59 59 73 75 22 96 89 53 86 6 88 50 88 8 90 96 43 86 94 69 77 30 93 26 57 3 66 49 15 33 53 3 9 75 5 23 48 12 70 66 78 88 30 52 31 52 52 29 73 36 43 41 88 23 59 2 10 87 65 95 69 38 77 1 95 59 39 82 20 3 93 100 31 19 47 72 51 46 62 53 69 27 87 94 87
91 90 72 54 85 96 9 3 17 78 56 48 60 37 96 4 39 3 90 23 9 67 11 97 68 20 79 59 10 57 46 52 60 16 63 1 70 40 22 67 52 61 43 43 84 3 65 74 48 13 17 42 59 45 70 49 6 2 93 100 16 70 49 22 24 76 37 53 44 88 13 93 54 86 68 51 69 48 32 100 62 65 16 31 61 11 76 1 23 4 94 1 90 54 41 58 39 32 61 5 1 52 93 40 91 71 66 28 83 80 99 82 69 6 10 46 32 42 27 70 56 96 60 65 49 4 24 32
51 19 3 76 16 99 14 60 45 15 29 18 39 25 72 89 8 99 67 53 61 60 66 18 31 20 33 65 69 59 74 35 43 10 51 55 63 10 9 93 97 52 53 93 51 61 25 44 79 52 80 35 89 51 79 14 7 94 36 32 90 5 63 15 15 13 58 81 51 66 48 83 27 22 22 5 96 90 95 11 78 78 81 39 14 20 17 13 45 57 9 84 54 7 19 37 78 89 12 47 97 60 28 20 48 76 1 70 17 28 95 28 62 72 64 34 15 54 49 58 99 26 78 67 60 59 5 74
80 97 33 23 7 26 80 9 64 97 69 83 44 17 62 54 35 23 52 3 6 27 28 14 40 90 37 27 53 64 18 12 59 63 90 10 98 6 5 62 44 54 66 41 38 71 14 39 61 41 72 62 17 18 94 20 93 16 65 8 29 39 26 92 13 71 47 19 36 29 37 17 38 76 70 10 63 42 54 26 100 18 69 91 91 59 96 72 9 96 66 66 70 40 16 65 5 89 35 69 1 23 29 79 99 54 2 4 84 5 77 76 70 6 32 5 19 9 41 26 59 99 32 24 5 19 79 88
81 7 44 17 80 52 58 87 43 63 45 94 89 84 17 15 35 27 58 42 85 51 64 30 51 71 28 36 91 3 9 25 27 10 44 10 77 73 67 9 30 17 3 43 33 82 11 8 20 1 29 76 50 11 30 76 72 37 12 86 25 93 34 92 38 69 33 60 58 21 25 61 69 40 72 59 13 58 96 59 42 7 22 58 53 11 55 85 61 45 70 6 77 99 76 11 21 65 3 49 17 19 6 43 49 71 43 87 61 9 17 33 77 61 42 81 36 36 55 8 98 31 81 27 48 87 20 3
18 27 35 52 60 17 10 14 97 86 28 9 68 92 80 7 45 26 80 68 2 37 17 58 24 99 4 43 56 64 28 96 56 8 23 94 28 45 89 80 56 49 14 82 31 62 9 44 26 41 93 87 88 48 1 65 86 43 94 13 42 76 63 60 23 74 14 23 33 1 14 16 91 90 33 95 22 41 44 90 90 79 12 93 72 34 60 56 2 77 39 77 9 40 44 73 66 24 84 13 23 65 58 2 23 1 71 52 86 6 55 99 67 28 78 87 96 68 90 60 58 5 26 4 76 99 29 4
16 38 27 92 75 25 7 98 84 68 88 82 63 5 85 81 28 99 95 13 25 24 100 39 26 4 27 65 66 94 13 24 39 41 78 96 8 45 95 32 93 14 71 68 36 2 17 80 1 57 15 65 18 99 16 42 4 40 16 24 13 77 64 45 10 3 57 41 25 47 68 20 71 80 14 12 98 41 66 66 8 79 45 32 37 66 98 87 87 3 3 63 94 29 73 80 12 50 42 28 76 17 65 5 63 23 12 11 53 34 95 65 24 32 80 60 71 39 91 62 64 74 3 24 95 25 35 29
61 19 59 70 53 47 29 32 1 43 96 71 37 83 56 5 69 84 59 43 88 73 99 62 27 9 23 83 87 2 53 91 57 17 6 45 98 90 49 32 80 31 75 38 60 14 61 90 15 34 50 35 19 90 82 37 26 53 72 45 41 71 69 100 56 22 97 71 52 47 12 45 66 48 21 55 85 53 70 100 29 67 55 94 53 23 78 78 29 82 7 64 59 40 15 88 72 1 32 9 11 73 93 63 28 22 65 49 18 5 8 15 30 40 45 41 69 86 53 17 17 59 89 91 32 70 96 70
3 49 89 89 26 19 69 94 92 76 22 35 35 81 10 63 78 84 13 54 90 77 73 63 5 28 79 39 30 54 92 55 76 67 50 66 10 85 45 58 22 77 50 53 23 32 83 92 87 40 63 81 57 97 4 51 85 25 45 87 4 19 89 82 26 50 41 90 84 8 27 2 28 12 15 22 57 19 4 74 64 13 12 79 35 97 33 27 93 12 7 95 24 56 30 85 93 7 5 15 39 72 95 46 96 89 3 30 91 1 32 26 65 52 27 79 40 51 16 51 1 49 96 51 36 73 1 76
50 8 95 23 27 42 25 48 41 62 40 34 87 54 52 57 88 63 77 77 91 56 53 27 40 73 45 43 51 74 28 56 49 49 94 76 80 24 16 98 93 81 45 1 54 11 40 45 85 35 22 44 88 49 85 59 41 15 4 53 46 62 12 54 98 52 63 92 43 51 57 34 1 69 5 61 23 28 59 35 94 98 15 72 17 59 17 31 100 39 73 82 6 68 79 87 59 77 7 50 46 91 6 86 60 20 79 92 44 74 71 64 8 8 37 33 74 77 68 13 80 2 75 88 76 6 64 47
74 74 73 15 92 82 9 45 75 27 22 29 7 50 82 6 58 47 56 73 20 56 40 87 19 46 37 65 52 47 11 11 17 45 68 90 71 94 28 52 34 32 37 98 90 28 7 50 25 63 5 22 60 28 22 10 84 5 6 34 85 29 5 81 62 43 7 93 2 13 5 21 19 99 51 70 26 15 65 98 78 20 95 38 45 58 7 85 29 49 89 65 18 80 26 39 89 92 77 62 99 48 48 74 35 19 17 51 4 51 93 88 40 83 44 67 98 11 45 75 97 45 17 24 41 76 29 40
8 25 40 78 58 71 42 18 65 30 40 83 91 17 87 44 69 25 33 38 68 52 12 25 35 43 30 41 82 16 45 20 4 60 47 17 75 71 81 30 55 73 27 84 76 81 73 49 72 56 96 72 9 70 14 25 36 91 98 8 9 29 15 34 18 91 85 31 88 45 34 78 14 63 64 1 40 63 96 43 47 83 16 26 81 20 3 82 10 73 50 1 68 100 41 15 41 8 48 47 39 4 26 64 50 94 20 98 59 27 35 51 38 91 70 53 81 100 29 33 77 71 47 21 42 24 69 64
44 40 31 95 63 6 52 90 24 58 68 59 19 96 50 26 26 46 76 99 90 48 16 70 83 54 65 70 34 85 89 58 23 26 48 61 10 22 11 53 31 3 41 26 65 90 45 28 43 34 83 7 58 62 54 98 49 90 12 45 75 60 66 88 78 10 81 59 79 16 66 58 5 3 5 56 76 100 63 20 5 9 73 66 100 50 25 12 31 85 65 56 61 49 97 21 8 55 49 42 85 56 31 69 53 60 63 1 54 72 97 94 77 82 97 72 30 98 52 6 23 45 32 78 11 24 86 86
39 96 100 21 51 49 82 67 6 31 79 22 52 26 40 19 59 25 33 15 8 74 72 100 67 64 45 15 48 13 54 83 74 99 33 21 22 3 90 51 7 77 31 19 20 97 46 12 100 3 64 98 24 46 33 97 3 38 72 100 13 100 61 23 66 65 46 56 4 7 84 48 8 39 85 87 74 1 22 43 31 27 92 74 94 29 18 64 34 3 55 14 97 55 68 90 18 41 1 33 34 45 39 63 9 38 100 5 91 25 49 54 34 44 63 10 93 59 91 34 19 97 73 35 99 87 10 23
9 71 21 79 64 29 79 42 11 100 49 40 38 45 21 10 21 37 33 79 7 89 73 39 94 48 35 2 10 23 6 29 41 60 10 91 81 62 22 66 94 8 76 81 11 66 12 71 55 57 43 74 10 15 42 64 12 87 86 20 24 13 83 23 17 71 1 15 46 16 31 69 29 77 68 99 10 88 68 95 78 83 31 44 66 18 48 27 17 88 56 71 72 56 35 86 39 45 20 48 59 50 10 80 3 54 58 29 34 98 24 57 82 3 63 62 56 40 70 84 31 28 14 69 79 54 99 50
32 42 87 62 48 38 5 92 78 45 51 78 7 84 46 1 90 18 89 17 37 79 84 63 75 77 63 23 50 94 63 13 96 13 30 61 88 35 48 51 73 61 77 59 16 81 99 15 70 77 30 21 12 16 65 11 17 10 53 39 78 47 91 76 78 93 36 55 39 57 9 80 68 100 64 48 93 29 38 24 74 31 82 55 36 55 3 84 32 45 15 36 78 98 80 100 73 22 18 61 9 91 90 16 34 42 40 71 3 73 21 22 97 19 46 32 46 2 62 43 1 7 32 96 47 4 41 94
49 86 10 34 50 35 30 80 92 78 62 7 69 73 60 14 67 68 94 85 12 59 42 92 30 15 23 30 47 64 98 30 97 89 87 14 69 52 43 69 91 60 65 25 22 48 78 95 56 31 43 82 11 47 86 27 90 96 57 80 17 32 25 75 5 46 10 9 68 58 79 76 18 73 38 42 64 39 9 46 17 41 65 69 39 55 96 20 87 21 94 33 1 38 92 54 57 3 99 91 13 30 8 27 22 39 26 3 74 6 8 59 48 93 23 28 29 8 87 23 56 70 46 71 15 47 51 38
60 80 22 27 21 44 31 57 78 44 57 96 23 37 98 84 76 49 24 73 10 70 57 97 81 20 69 43 23 32 38 53 89 42 21 30 77 30 18 94 63 84 92 78 24 95 36 7 71 75 4 60 82 62 86 71 33 55 73 55 53 86 2 16 69 92 52 35 73 63 64 85 63 42 2 37 100 80 1 45 84 92 34 29 23 11 59 16 45 9 65 98 26 41 59 1 69 91 61 3 75 67 80 30 3 91 69 75 87 22 17 71 9 60 56 68 9 24 12 57 1 23 9 89 19 28 74 19
27 100 73 47 12 53 100 57 6 16 12 17 48 98 89 66 67 86 34 4 75 82 11 97 56 41 17 42 46 55 62 35 3 52 15 83 92 78 17 11 71 68 39 42 25 72 75 86 24 52 44 12 88 64 44 77 79 13 62 66 70 7 19 1 50 47 60 9 42 32 46 72 81 35 22 44 8 59 74 69 23 77 76 62 51 96 47 53 24 42 16 85 32 80 77 19 18 66 99 6 75 43 6 1 30 48 100 12 34 20 45 54 48 96 68 78 32 20 52 3 19 40 16 82 16 28 83 27
74 22 34 66 76 17 35 100 87 100 5 42 5 76 49 29 13 63 65 32 15 94 59 57 87 23 50 73 32 48 3 10 55 23 98 42 22 95 21 13 66 3 10 69 37 50 13 10 71 91 1 54 80 13 35 51 91 17 74 1 21 81 50 36 41 72 1 26 20 38 66 40 42 60 11 23 31 31 28 36 55 1 6 75 1 58 40 7 98 99 47 56 93 38 43 21 54 82 100 54 73 40 71 78 76 65 24 15 70 68 58 92 35 9 36 90 83 66 68 42 77 64 97 21 83 59 80 9
88 21 93 28 70 56 46 93 74 31 12 46 41 85 87 62 11 30 37 46 3 30 26 92 15 4 11 46 41 88 48 90 50 84 41 71 1 69 44 8 65 37 36 36 79 21 87 100 20 9 20 62 99 18 33 73 61 29 46 40 32 74 50 32 43 82 10 4 100 73 27 24 10 6 35 87 43 98 6 28 78 81 74 61 66 24 37 56 95 3 70 91 80 9 58 44 61 68 45 46 4 79 45 61 30 7 21 64 7 9 86 65 38 50 96 43 84 38 69 78 20 4 22 18 17 70 95 64
14 74 59 47 52 54 51 28 66 76 11 3 86 39 5 69 81 97 51 65 76 44 13 66 82 14 7 34 78 7 38 67 78 88 61 29 92 81 36 11 55 71 73 46 82 1 48 16 24 11 49 65 79 43 7 96 13 34 5 48 99 40 49 2 74 39 95 77 28 40 89 96 40 43 9 99 53 7 91 97 61 46 60 94 51 99 61 74 99 18 10 82 59 92 27 59 60 26 10 27 81 23 81 8 99 41 48 11 13 54 25 42 24 3 40 85 1 12 12 37 73 40 97 19 38 42 87 47
60 56 60 5 80 63 79 81 1 34 80 90 51 44 94 71 68 37 92 42 34 17 91 87 37 78 7 73 96 99 68 11 16 13 19 72 82 100 81 49 88 65 3 30 79 24 63 62 88 88 48 53 38 4 25 46 99 31 63 82 87 14 60 67 59 56 28 1 3 62 73 64 81 22 99 73 3 52 9 59 50 37 77 29 80 65 58 32 48 54 8 36 94 99 58 63 7 36 66 85 92 74 19 39 7 41 37 88 18 87 40 86 59 90 15 72 36 69 1 70 43 21 68 14 83 90 43 66
97 40 42 58 19 98 70 17 62 34 99 85 34 7 36 6 42 85 25 62 46 59 3 17 34 15 45 63 92 18 84 73 27 62 19 47 87 86 99 60 86 34 32 44 18 49 14 85 64 18 80 71 88 70 52 22 4 41 23 87 35 16 71 48 35 95 55 55 75 72 62 71 73 74 21 75 67 75 23 98 61 8 69 5 86 83 95 2 37 62 14 72 42 49 65 83 98 50 77 56 6 75 84 35 97 88 94 2 8 65 58 51 6 72 27 66 31 93 87 49 15 62 18 29 15 65 80 84
55 3 72 28 31 39 71 83 74 35 47 67 13 29 5 29 94 37 99 42 40 6 67 61 32 35 15 70 10 73 89 83 60 64 10 99 49 91 43 93 38 48 93 70 50 54 3 71 54 68 17 24 29 64 52 96 40 1 73 96 50 51 50 75 53 67 89 32 48 24 95 98 50 13 43 24 55 64 42 66 88 24 11 44 22 92 62 52 15 38 93 24 57 70 61 78 62 94 2 18 65 10 85 36 29 68 3 35 27 14 76 83 31 46 37 36 70 68 69 72 56 47 68 30 13 50 43 19
27 18 35 9 82 35 42 15 4 28 2 16 50 9 65 13 42 55 41 33 13 23 70 76 96 44 77 21 39 37 37 51 51 70 86 69 39 54 3 5 99 34 44 17 37 40 44 49 9 90 36 74 51 61 83 14 51 68 92 31 11 8 44 79 72 35 11 50 75 83 75 57 40 33 82 86 8 51 12 80 96 65 11 49 51 8 71 48 87 21 22 39 89 1 68 32 65 73 93 95 90 2 15 45 80 74 22 47 80 34 53 19 96 45 65 61 73 84 94 57 11 31 77 19 79 63 4 44
66 59 35 65 41 95 50 32 62 35 46 13 91 42 72 46 25 58 64 17 23 2 74 63 95 40 52 8 15 38 38 64 22 57 84 89 54 7 3 68 94 75 68 20 50 28 69 92 28 26 21 38 31 87 3 94 12 17 45 3 68 59 78 97 65 10 75 44 63 31 61 100 60 8 6 81 1 18 23 26 25 19 9 7 54 23 58 57 11 94 94 79 84 86 7 63 12 61 98 57 79 14 55 23 46 3 84 73 26 95 18 88 62 41 86 26 3 33 53 47 8 35 42 41 37 58 66 83
89 100 96 29 78 97 74 40 2 9 60 42 67 18 74 35 7 32 59 9 97 65 12 76 3 14 25 87 18 65 53 91 83 27 86 89 17 72 2 60 15 10 75 41 65 64 26 11 61 2 64 94 40 23 66 28 26 40 85 11 42 60 56 70 16 52 100 72 72 65 74 13 23 94 34 82 41 93 6 55 88 90 75 87 25 12 78 41 3 83 10 19 82 84 6 15 40 12 58 19 8 51 66 95 41 59 99 26 87 39 63 14 89 43 31 23 59 8 88 8 53 48 98 76 29 18 60 18
71 14 62 6 66 84 2 31 18 34 23 87 88 26 9 1 79 21 1 57 21 58 89 13 1 53 43 78 75 66 98 79 29 7 18 94 78 60 93 74 20 33 99 65 70 12 79 63 3 33 63 75 34 3 25 81 28 50 54 45 23 53 60 44 18 74 77 9 11 99 96 18 33 29 33 9 71 48 30 85 75 92 12 40 71 22 12 61 33 58 88 48 21 58 95 64 27 51 9 40 27 58 98 43 94 53 51 93 39 79 49 8 38 96 89 53 83 6 87 30 32 29 18 45 19 66 44 85
51 75 95 69 77 64 32 80 50 24 19 32 51 52 5 84 50 34 46 41 51 59 84 23 73 34 18 62 59 48 43 56 40 48 50 23 17 74 5 9 38 94 99 9 59 59 9 44 2 21 23 72 63 13 28 91 81 76 82 82 74 61 51 67 80 34 66 51 44 60 65 71 87 28 25 37 66 6 8 2 46 52 54 1 18 81 61 77 25 31 58 67 33 82 7 12 85 80 81 23 66 19 85 11 54 1 1 40 20 2 1 77 65 84 7 23 55 29 86 23 14 5 13 8 94 55 7 71
28 55 76 62 90 9 71 52 79 25 29 65 34 75 83 41 59 43 33 73 4 70 48 1 11 30 23 88 87 77 11 26 86 25 97 91 38 5 100 80 62 1 62 11 35 13 11 92 52 56 54 36 62 91 23 69 82 68 86 87 28 95 69 95 18 44 94 15 85 90 83 65 75 92 78 89 34 32 94 59 37 9 69 84 2 95 49 46 61 58 62 95 49 39 79 94 62 73 97 19 31 59 44 6 88 24 83 6 24 63 11 18 30 26 86 48 94 78 67 23 44 72 32 61 58 74 65 23
63 26 7 98 82 57 37 94 27 14 35 74 1 74 55 44 64 78 80 100 62 25 2 92 8 6 94 66 25 78 78 77 20 39 18 7 72 38 79 7 55 16 98 38 9 5 98 89 99 13 75 71 60 30 53 99 54 93 72 15 88 46 32 86 61 63 61 37 2 50 9 30 79 100 14 43 15 40 82 75 57 14 53 91 76 47 23 24 75 40 55 59 91 21 54 72 44 82 77 23 5 45 79 92 78 52 11 10 3 91 37 19 87 81 85 52 59 60 61 89 51 93 62 42 38 44 62 36
80 62 6 62 33 13 58 40 61 98 22 47 96 23 23 85 50 36 89 98 72 82 42 88 66 22 32 71 81 34 76 73 84 16 14 74 80 45 72 26 48 56 43 83 1 87 98 57 35 56 11 42 71 74 60 38 52 36 33 10 29 93 38 3 51 100 33 74 14 12 64 29 75 12 3 25 86 90 7 35 90 31 37 1 6 98 51 65 58 21 7 6 80 31 75 39 52 32 32 72 47 81 78 96 27 16 69 43 70 87 2 62 91 42 21 64 48 83 45 3 42 1 29 27 81 24 74 65
61 34 14 7 27 46 71 9 91 15 73 75 48 94 80 71 25 72 43 79 47 28 36 29 90 30 98 40 13 91 87 58 5 6 34 94 47 89 49 79 38 97 59 64 39 31 56 61 2 36 94 71 3 21 82 18 62 1 50 5 97 95 61 14 39 16 46 1 90 66 27 62 31 69 66 14 54 90 47 94 94 35 82 79 74 86 25 20 56 86 98 91 34 77 91 15 44 22 70 53 96 14 14 5 54 58 20 75 93 21 97 20 98 42 65 21 1 58 44 67 4 96 94 29 57 3 2 17
52 13 89 58 47 90 24 8 67 36 71 50 71 53 12 25 20 8 7 84 62 80 24 4 92 77 18 77 20 48 50 56 97 83 70 60 86 25 13 22 90 69 35 27 59 33 32 6 91 90 62 37 51 20 55 42 99 11 94 19 7 99 55 89 89 19 7 15 56 17 38 66 6 95 75 40 59 92 20 70 100 14 82 72 76 29 59 41 70 65 25 87 62 79 53 53 15 27 91 94 66 31 44 66 95 24 2 53 100 36 78 57 59 50 47 71 95 100 30 12 7 48 60 1 53 6 76 52
59 72 8 7 81 44 73 26 84 61 1 64 59 65 95 88 92 23 27 89 59 79 17 50 87 1 82 46 52 69 56 71 60 46 56 62 38 97 100 20 38 58 81 42 5 8 4 42 42 45 60 75 99 76 14 87 8 7 21 64 46 33 54 5 76 68 89 33 85 83 96 10 55 93 53 84 78 96 83 52 12 68 60 9 23 20 87 75 56 34 93 78 74 66 18 32 95 97 92 70 47 59 11 87 4 65 28 98 78 49 68 31 27 71 53 64 46 26 24 87 97 95 64 35 79 92 57 87
52 80 70 20 17 74 85 40 80 20 50 13 90 91 94 18 20 62 32 2 42 97 1 51 97 35 40 77 99 73 49 84 80 20 73 84 70 39 84 49 82 7 38 9 31 96 64 58 44 12 39 81 23 44 88 3 66 48 76 38 73 11 69 44 86 71 38 91 5 2 62 2 22 47 72 79 18 50 38 92 11 11 74 100 40 32 70 68 26 8 24 64 73 74 44 62 53 55 60 100 8 63 43 37 55 38 87 9 71 44 55 89 53 50 26 62 13 55 91 66 3 42 84 62 67 54 32 93
59 9 89 29 45 10 37 12 34 77 1 91 29 88 69 91 8 31 32 63 82 33 32 40 47 7 6 63 3 41 28 58 30 54 44 6 76 76 72 96 91 13 69 50 97 55 21 86 35 90 60 6 86 32 7 12 77 11 95 27 15 31 89 89 17 86 66 45 94 22 53 84 47 23 56 7 21 46 25 11 49 65 12 41 66 15 86 66 45 49 51 58 57 52 94 83 91 100 81 50 94 53 52 46 36 8 41 61 82 80 93 73 85 68 65 33 91 10 46 47 33 64 35 51 68 18 19 92
71 30 1 40 59 48 17 91 67 25 41 96 18 10 69 96 82 97 19 45 12 13 39 99 71 35 60 63 47 10 45 35 71 21 39 3 78 23 6 57 2 31 62 16 72 67 100 1 1 68 86 58 42 3 94 12 78 95 97 9 71 73 83 30 78 22 56 72 86 10 49 35 61 66 79 4 60 24 27 98 53 68 95 8 55 97 40 10 36 61 20 85 23 54 34 63 50 5 32 28 28 76 35 5 56 44 32 3 71 85 3 15 73 41 26 51 16 18 52 50 76 4 70 9 53 47 62 66
40 12 61 25 53 49 20 9 46 87 57 25 88 7 34 44 96 91 65 53 32 91 25 56 3 34 40 95 62 78 5 34 47 19 69 43 24 85 64 42 17 71 34 84 35 34 43 18 77 18 90 5 35 71 75 72 36 12 92 49 13 4 99 61 90 35 60 68 62 48 90 67 87 4 65 57 44 70 67 5 25 69 74 60 77 84 57 42 75 90 92 87 61 45 34 99 7 19 86 89 10 20 75 62 39 22 74 64 58 62 73 38 64 25 22 100 64 5 16 19 1 74 80 85 16 35 36 46
82 25 44 28 24 40 53 86 78 20 36 77 51 27 95 59 24 6 27 26 6 50 64 90 87 9 52 46 25 2 68 57 92 71 92 93 89 60 57 68 8 100 24 56 70 82 6 95 50 1 50 70 97 3 68 34 45 97 78 99 81 73 61 81 84 33 99 50 58 31 74 31 42 45 88 2 13 16 10 56 39 28 32 38 14 60 83 1 96 29 39 16 58 99 68 20 74 64 9 33 15 13 38 31 29 23 58 46 21 83 54 60 5 12 23 70 50 4 97 21 57 53 93 63 71 11 44 22
70 40 41 65 72 11 32 26 13 9 65 54 1 13 75 84 66 96 41 33 61 100 1 26 70 62 60 64 57 99 47 83 24 26 9 10 77 32 32 65 15 38 98 61 74 54 65 31 51 67 53 36 50 19 91 14 34 100 39 3 86 14 76 90 5 73 63 54 61 71 60 12 35 79 75 29 44 44 61 37 44 20 86 67 65 85 90 24 83 11 46 42 97 98 13 82 1 38 61 5 97 25 76 83 85 35 49 30 96 92 66 89 42 33 56 58 28 48 97 44 73 91 76 67 52 38 15 34
41 25 67 18 96 20 84 19 45 72 33 57 18 5 88 77 44 78 26 78 90 78 56 37 3 85 95 60 26 42 9 70 47 55 65 50 17 78 71 72 45 64 47 55 47 20 7 69 63 51 91 41 7 92 60 1 59 93 50 91 12 45 24 97 7 62 12 37 11 97 66 29 69 75 100 76 42 77 67 4 62 29 82 54 41 100 71 47 81 14 12 45 55 36 50 72 74 13 98 94 88 64 26 51 86 52 90 71 76 5 94 24 18 53 3 72 93 74 67 2 58 4 35 62 15 15 11 81
95 49 51 42 100 90 44 42 9 56 27 90 63 40 39 16 7 31 82 96 50 50 19 46 45 66 49 11 47 66 72 57 55 55 50 63 65 65 91 41 72 13 88 18 2 69 38 91 18 75 62 83 68 49 86 57 6 64 72 85 11 67 69 13 56 56 74 76 100 50 71 40 37 84 91 37 49 90 16 79 91 54 99 87 70 21 38 1 87 60 48 21 7 13 63 3 15 36 69 34 94 81 8 28 28 72 97 2 14 9 90 57 76 76 4 22 78 22 7 32 2 77 12 48 36 72 19 12
89 81 46 61 89 7 58 57 84 41 37 56 81 52 22 92 24 97 93 54 63 10 55 21 57 85 78 56 78 65 11 62 24 48 98 94 5 50 44 32 37 74 63 60 57 10 82 23 96 50 72 15 25 67 80 17 94 20 54 91 7 67 50 53 30 61 48 66 71 88 13 37 28 40 23 52 40 1 36 51 1 4 48 38 93 43 31 20 53 14 78 79 23 38 40 23 83 29 17 7 100 64 31 69 25 2 62 31 22 63 70 72 60 44 56 30 57 35 61 92 74 64 87 67 11 75 58 34
46 90 20 69 71 26 83 9 90 37 53 62 2 71 27 16 92 79 20 55 16 80 100 83 9 17 99 99 25 90 54 82 19 81 86 81 48 82 14 18 52 92 41 14 39 77 74 32 25 73 34 49 59 78 49 90 68 86 33 9 96 15 87 38 19 33 1 25 20 84 91 47 20 54 24 17 23 76 99 76 36 2 71 63 67 39 9 33 87 83 41 42 69 32 73 5 73 87 80 35 69 45 85 87 7 52 55 42 68 97 18 44 10 35 13 24 42 58 25 65 24 87 81 98 60 24 71 5
47 43 65 30 54 65 83 34 91 85 64 14 36 22 30 15 29 43 11 29 58 8 60 96 72 29 96 8 39 52 81 93 92 25 37 60 31 96 24 80 94 71 13 41 85 22 71 27 85 28 68 54 39 66 96 56 6 7 34 25 43 65 76 92 23 77 68 88 95 28 62 33 87 20 72 76 38 27 14 77 15 81 42 96 62 60 52 68 53 20 87 46 6 23 57 52 17 82 90 89 38 93 45 59 24 40 17 97 79 15 85 42 66 65 84 40 86 38 37 56 83 38 49 59 20 52 34 41
36 9 87 78 49 6 34 48 95 56 61 20 79 30 1 32 78 17 93 44 6 71 18 76 25 82 11 13 18 23 26 52 79 75 17 60 20 23 30 12 7 66 100 26 38 22 40 59 1 87 98 57 24 69 25 71 17 44 72 13 85 56 93 44 54 48 57 14 94 22 44 94 94 14 95 25 59 13 35 42 31 90 67 59 62 34 67 50 69 20 78 42 92 48 91 98 82 60 74 84 25 20 74 19 42 89 69 34 42 89 84 24 67 85 37 20 81 28 86 94 59 75 86 7 51 27 50 9
19 54 16 17 70 100 21 57 49 54 34 91 10 14 99 27 6 91 75 97 39 74 26 84 51 30 53 8 4 31 78 94 3 53 38 7 7 79 23 17 5 93 45 84 52 74 70 22 51 9 58 43 66 76 33 62 37 79 47 37 30 9 94 27 35 52 42 77 70 86 15 65 99 91 72 12 94 41 54 29 48 85 83 51 69 67 79 4 8 21 92 94 79 53 77 6 74 42 50 80 21 76 17 65 45 29 4 65 1 65 99 43 51 87 94 14 58 81 7 30 45 25 26 38 32 52 49 34
62 48 98 21 32 61 40 50 46 12 76 36 90 90 78 79 4 18 47 18 2 50 9 32 39 22 91 54 84 65 80 33 76 3 54 20 10 75 28 11 69 22 18 53 86 95 62 49 58 40 88 53 1 31 18 31 35 12 49 50 54 31 12 79 2 43 67 76 28 55 13 16 52 88 32 35 85 61 7 61 9 38 59 59 95 44 37 53 99 5 18 80 17 95 22 67 32 21 35 80 97 53 4 54 36 94 93 80 57 59 77 41 55 98 37 82 88 53 84 41 10 86 39 86 66 61 93 91
94 55 99 36 53 68 96 3 21 95 78 68 64 71 79 81 86 11 83 71 3 60 65 79 83 98 60 71 95 72 25 63 94 97 65 13 75 9 6 17 46 76 14 99 9 27 34 18 97 13 33 87 58 28 73 50 10 59 54 94 8 12 58 42 100 26 46 27 21 79 35 53 97 24 54 46 4 73 69 29 27 33 98 48 70 26 13 16 25 99 58 92 50 37 34 2 35 69 37 36 99 83 51 4 33 26 81 46 72 61 33 53 14 80 2 88 82 4 46 23 5 21 33 25 74 26 69 14
3 43 5 74 52 66 3 76 50 99 33 1 61 67 36 45 90 49 37 51 17 92 64 31 82 94 55 46 16 60 63 58 40 27 13 97 76 70 53 72 53 39 54 13 99 30 22 47 91 49 46 1 56 16 91 68 88 58 29 98 10 28 24 63 88 54 61 65 60 22 38 16 69 96 69 46 61 21 57 88 89 65 30 68 37 53 1 13 26 70 28 35 20 54 28 63 96 29 59 42 53 38 59 93 75 71 89 5 64 29 45 6 64 38 83 6 90 97 70 99 61 64 56 67 98 50 96 88
41 79 22 20 50 66 86 17 53 51 33 48 92 83 73 99 81 69 44 86 82 61 49 44 38 36 36 29 73 94 96 72 83 15 87 77 12 40 98 22 73 48 83 14 42 89 76 97 10 54 87 11 1 97 58 5 29 62 26 82 52 37 78 92 34 31 64 49 3 65 40 85 98 84 57 87 95 98 28 65 59 41 22 51 55 43 16 60 96 32 56 29 61 28 21 29 64 22 98 37 58 31 13 61 16 84 13 76 10 97 62 20 37 8 30 17 1 97 82 12 89 16 92 62 3 71 19 53
20 28 72 28 71 44 81 58 93 8 72 25 52 23 8 88 43 73 23 38 100 13 34 20 63 49 25 34 37 99 82 35 79 3 19 51 11 86 8 25 57 97 74 45 31 8 63 70 76 25 22 86 90 25 62 53 21 46 87 53 94 81 67 85 20 10 76 55 63 4 18 70 5 49 50 72 80 42 82 48 71 81 68 12 95 91 97 71 83 41 83 6 7 52 32 10 28 40 47 7 94 14 83 7 28 23 25 53 47 66 94 5 67 67 52 7 45 71 54 30 80 47 64 100 71 62 12 5
