100 36
8490 3700 2558 3670 3225 6186 931 4978 744 3816 6217 9665 5859 317 622 5291 1044 9602 3284 907 8333 72 4176 5074 7264 5953 4940 61 1562 8768 7304 8894 3504 223 2938 8395 7662 4995 3434 1864 5096 8265 5495 9627 4936 8131 4314 4331 2827 7522 7666 568 4658 3678 4277 5165 9684 5824 2665 5325 9233 3294 848 6684 5949 7002 3055 2315 3808 6914 6887 6707 959 6981 3273 5861 5892 6828 1976 5747 2359 6449 7426 6611 63 6114 3231 9851 6158 8769 8797 7548 7336 6305 8248 2095 3422 4246 21 4851
12528
16616
53665
82455
19054
43799
53628
53544
52731
99529
89507
45894
34662
22610
90564
48764
85266
21056
98861
84404
5557
77069
61288
41596
95091
56250
39831
43369
76302
83025
46798
16973
97837
91578
34848
14316
