58 100
1045 5192 2261 8084 9373 84 1459 3141 1791 5907 1125 3520 4669 8162 2462 3357 8996 2672 2985 9616 1424 64 7262 7108 7753 4796 1306 6528 6594 3962 5730 6868 7336 5647 8710 8956 4495 5286 2238 1260 9994 1159 4200 2616 6034 6939 4410 9054 3793 20 4882 3544 7412 9273 3340 8118 8476 4800
42665
76026
34897
53098
36099
29557
57634
57784
17050
880
35174
92394
39138
69691
80593
17280
343
77972
94217
86791
16199
80642
19915
44117
10088
84629
93430
37204
70862
87505
57450
60520
5812
49233
16213
82623
60503
43554
16251
15294
86051
39141
69243
16395
9128
54901
77988
95692
311
18666
87135
10555
42371
33993
56595
96723
71641
25926
47437
78275
2840
93280
17603
40499
50550
42408
47915
29496
29009
15373
57612
63192
45943
54060
23071
99844
5890
61031
83347
12167
3802
27747
1857
57895
20643
1299
54764
20894
29304
51901
33536
20862
81370
85119
81657
54194
73075
15188
33639
33797
