83 79
8821 4141 2730 2202 2698 9238 2337 3837 8494 4006 237 6874 8966 1435 1800 201 1253 9760 7977 2931 1705 8970 4633 1246 4694 385 6197 2436 6968 6472 3796 715 8029 5155 6492 7233 7399 3985 9201 3658 1698 4791 2391 4668 7986 8659 6776 9745 4945 4435 855 8784 202 1342 402 9191 305 7738 6742 4386 9704 3590 5060 4931 6455 3790 4830 3851 5311 3092 1989 7161 3361 1170 6449 9068 9440 8028 9189 8898 6177 5865 302
33889
27014
33600
30801
36705
68352
23111
95490
9821
78467
45735
96475
89963
47792
93306
97155
34538
7676
68646
58817
17557
7742
52037
44962
61394
87377
2911
48441
41129
2533
86468
90336
89356
85942
38908
1725
11069
51352
49482
27332
90588
540
42747
83482
35494
55628
90219
61881
56148
18614
67045
95460
23605
55071
96350
92831
83597
9591
91611
3864
29760
86817
15693
502
55368
73826
24125
44101
9599
37129
49725
63434
81716
683
15882
85963
24521
121
36580
