523 3572
3206 9439 3451 3170 4916 1797 3842 3112 3450 1581 2681 1895 2249 2561 7054 2901 5610 2504 4628 6090 7445 4971 4264 25 7639 9416 9293 6061 1978 6969 8972 5851 2048 6338 7975 582 2212 4118 3351 5298 1790 6454 3345 4557 1911 4488 2719 6246 8156 4313 4737 8866 2079 3257 888 3828 6955 8230 5579 8400 5697 8619 4525 6814 1800 5724 2372 6736 7359 3104 7221 5828 5746 7367 7127 8442 375 6904 6412 5614 5109 6873 7684 2494 6368 2325 8814 6087 1727 7800 2816 2763 4908 939 2556 9381 2471 9692 1544 4061 3210 7569 6652 2645 7281 9042 8566 4732 8458 7681 992 8780 9521 2900 222 9235 7773 7298 2508 9882 4951 5491 7901 6731 3374 7045 5678 578 8088 702 8315 4124 2968 4399 8048 1020 7262 5768 2546 4543 7914 787 3905 1728 2138 4031 8280 4743 4185 2588 1801 5040 16 7106 2143 7400 3691 7680 4062 369 9675 9320 1565 6771 5977 1605 8968 3014 4066 9766 8055 8705 2849 9973 8752 8738 5632 9823 6346 8473 970 6194 9093 8849 561 6503 6277 2403 9956 6147 8259 2999 732 4465 6863 1786 6007 3879 6575 9444 4679 2061 4447 35 3637 4952 9364 4978 1327 9243 9356 6574 506 6518 9043 9268 2822 7715 7965 3435 2925 5740 4521 827 5214 6151 9605 3036 2054 656 8577 4342 8303 5849 200 8113 3339 82 6373 1586 8428 4662 7073 7293 4225 1664 775 643 492 9570 1814 2279 7689 9676 2629 669 8008 731 645 5123 1623 6664 6682 1919 2457 2369 4176 6556 6613 5545 6286 3262 5748 8352 977 8874 7154 1250 2565 1917 2069 2811 1883 9331 3833 3524 6208 2632 7914 8643 4435 2533 6524 4986 2540 6029 1584 9271 9381 2795 1138 1033 3054 8355 5942 1478 3647 9960 4958 711 9049 7346 713 9709 6690 4626 8103 142 5555 1453 3120 4653 9651 1289 1160 2613 6193 2132 8151 1482 9225 352 1523 1925 2148 1450 2230 5592 646 2492 3479 8108 911 9709 6598 6192 6726 1364 9577 7102 2957 337 9184 597 2339 3102 3320 8501 7019 1755 6251 4581 6282 3609 5725 7971 7129 8457 7625 6628 4906 7109 774 3434 7086 6022 1768 6456 4462 1932 7323 6627 517 7296 9510 631 1541 2015 7471 4131 7182 9457 7715 662 3548 5092 3968 4474 8720 4198 6668 1397 3614 1051 1665 420 9456 5751 7486 87 6861 6435 572 8022 472 3984 8330 8968 7432 3562 545 6561 7581 2290 704 6709 8203 5239 156 5972 6381 2495 9648 6578 7594 8555 4770 843 45 1526 4091 1682 386 3716 1380 2601 8021 7039 6176 129 1958 6411 233 3987 6293 1763 823 5461 7871 4680 5789 2417 2378 8760 9338 215 3196 3760 2050 1330 720 2352 3352 2964 8508 4884 9796 1125 6641 1917 7866 1680 1966 6520 5776 3797 9521 8305 4716 8781 9376 9011 6381 7860 8356 5079 219 5712 6674 6104 848 2667 5384 9322 3316 7406 1722 9340 1527 3728 5915 9232 2978 9483 4843 3784 1254 3126 5044 8228 6176 3528 6
60679224
3727747
16271567
44128148
78013819
2104691
83219713
10785891
82265727
84303717
16053663
46778619
38308512
56708419
73452205
484442
33008611
81032290
23547974
18477735
35917710
88274316
54341015
66464908
11868004
13813432
19171067
81626686
31884489
47443714
99258392
12717591
57051166
5531110
20108251
6714732
76315614
48976353
41484187
56374462
63689127
90297733
51690486
31746775
82897176
55901158
36064328
80513823
8257718
95483959
56863307
96960260
49412416
59522744
77144122
27449583
64508598
97924534
84763438
1472000
21527364
68174274
24292056
51645791
20675925
79690809
24418674
13495549
22109951
42607238
16329698
76397020
32724289
33820486
74586703
90769774
93348163
40908868
76183318
23415255
73403517
95395304
65748447
92839212
23932913
60837734
35272883
9463906
61876003
98357233
75271590
91826884
58571232
92468186
30953996
29179553
83682164
83453817
1759871
13340139
12095387
19034264
55528474
68222071
35809658
7703299
89603824
64150203
35433611
28863694
60339134
15893735
56631984
30770147
19748532
28286019
5707987
26292587
43464441
71367963
25482095
78641590
7694062
38183022
37725190
54451497
74528627
62668286
41626653
9995833
74744189
52527483
39125651
67813413
35142921
22538201
17406520
35652519
83519026
97437007
56456804
17394370
78493503
90342505
45309163
66496103
53747217
52617875
84436033
36497250
36591817
34140755
23738551
90262762
99353268
89139780
35668938
39889426
28702851
12073479
51248188
2581437
52855691
90468650
93088541
74304880
49467031
17201741
24002913
42659653
68091557
13398132
92381077
83161391
40231349
74940710
96235078
9004758
17283080
70520396
6663979
73383456
72105320
87227851
88460743
55571162
23461890
40876856
30681673
97221527
94257450
42566348
53221492
93724251
94266572
40429471
86784835
86958228
25967780
36084411
33117527
50411549
48129138
8993199
99958723
5392156
95952173
68751060
70897631
57931807
48866029
95270282
14166181
99989890
57473950
19889044
56371656
75692602
89689296
46626949
47270999
73596836
32758510
12125505
19911123
69347089
92653556
35253178
6807199
9597552
65226543
12920989
7303614
97700529
14554379
77346142
13859888
14416134
83061481
41817472
95726512
82777223
75293706
26957966
7323336
65247341
2626804
77546010
35605787
63438457
49727935
51148402
25801844
75909043
25248806
84134600
28125382
57942116
89014301
18083066
89419085
18706626
5880492
156957
73152894
85834559
62471177
54717880
28801496
65200014
97162186
60262749
47347105
24565403
35967892
55710274
33501387
33763863
97394487
43129953
97213054
1215822
27859751
50197863
17125351
56831627
55939226
64979987
56870215
44731007
8483818
58085159
21433649
5714067
14564013
62796171
25299460
49047404
34231122
92478962
6676141
35882863
88245996
36386209
62834396
22505336
32210919
89913080
430421
40609922
13950510
43429280
91662703
23937664
76522591
75002951
2207789
25853029
20900172
66648374
10103120
10825099
22150859
91170845
66092649
44278485
850099
97248495
55423689
49908777
87499915
54082229
8680998
51311286
81884849
3761366
74966875
65650749
1582071
9433964
14583594
71103557
34252704
80437244
90347211
26932988
56876598
1734899
36759464
85311808
61752955
94324487
64487055
97385549
33874338
85719556
13945351
82573643
57191770
75177481
6256134
99734502
88323756
37035472
52446727
31574576
25422296
17333570
72480447
69560267
17193993
43844865
44556014
65595547
2484624
87699603
52086196
98856977
44370636
85981212
20863623
91431783
24361219
58988718
42144351
94783491
92099737
33301407
58727441
60573610
23863463
12348008
50581453
3996668
29195761
19874080
94166387
65539873
59164918
78517669
85322332
77957570
12029094
75644738
9443665
49254547
2496952
11662273
14630322
79601166
59308684
22218329
93605355
40357202
42522340
15014785
8410598
56760189
26675494
64399859
98239924
52337925
78902459
62473950
95242290
32733787
72122374
34133706
35724327
9387325
12573732
85295667
94904981
89391550
28255958
68482220
92222307
86852260
60248908
18018994
11165203
43203580
22416241
28284279
52700507
79187897
46658822
22767390
94588575
39587200
10669436
89134379
60228040
33296741
53050269
36065822
10143207
15960946
16689759
61322912
56825114
10145233
25455595
7314376
69359973
8896464
91545747
20378267
78126380
62548583
71249653
23058979
11815309
5758907
35406742
54851331
99124582
42014439
97509723
36199871
45702141
66226521
47185164
62983084
53260156
72535994
69694053
44278447
82254566
64079971
93130217
54895841
72122414
54225220
94154609
85983075
23791922
24652090
10388607
41948824
18027913
84676777
52999695
50014568
90147881
58328646
86547953
19898654
6741645
10953284
44822048
15451864
93250149
15490754
81178471
77505410
42606688
50082551
9808021
67758600
94616452
13289573
80388586
87224857
13347921
40957379
42743527
59571167
5532395
9643893
410076
59627481
16815428
15528603
22432299
10408892
14676824
24851263
81228388
68184977
16933236
2181950
11042152
64446953
52960344
36203257
36273743
76064766
51119002
99189363
1894844
50492679
30342574
95995508
49188653
21573210
36440251
81125430
19215171
13305835
4393796
48323164
33687490
43888126
46772856
26139500
98354890
10403520
65366623
45052352
97523708
55721237
58227274
76974152
7160
93490326
47543280
86358303
76580365
94551183
85108303
73620638
36927055
18654345
1624169
36220743
30099555
9067695
53673849
20501882
16673814
54469691
87923298
88267191
13066386
62467600
85958423
76073720
28890457
82146128
75136243
82354781
66763128
59243245
90926961
77734976
30636363
6866441
54446215
97281232
93509131
27103976
85224577
39936976
8288452
24452191
3733907
70015597
6602187
10671299
90787895
88383178
19526614
12498445
61656733
16839411
71476919
58588358
81583579
18209510
43918970
40118138
96363045
56788861
79095826
10684331
76739684
89036022
95622624
15436673
78607029
62788611
17588649
16834397
2335460
94780539
76715516
14977394
94029811
90867907
33155612
44155861
69115215
71124867
74674996
64078552
54372496
62849562
96250246
54181115
38391887
28524236
32518769
62482392
92386679
2902494
14057346
56648012
73405933
23650565
45123793
74236971
50208116
53348393
55281742
71548299
98405172
7160203
60238809
26051367
95959140
20113180
78263461
56074735
12711186
10676745
87706080
83244874
28345463
23213845
78434960
78107519
32037941
60879570
45407985
97430794
54012999
52671332
96136011
42880638
54328196
33588717
95454100
45075517
47430309
55240068
50801863
4468781
72373403
85736718
49124382
1073426
28062317
2344752
92540339
18735438
80482639
28118020
44084068
16478325
14600890
14615077
87113478
19382791
47466262
26806629
22385940
94531977
41017965
43408936
75339317
23744054
53199872
46132574
62775576
84130381
44206767
34714816
72929494
99958854
11034236
71107856
45815180
34868429
57976820
25823944
1778244
52172306
23316765
72192468
55341659
82803544
73168324
50162846
68718449
5398390
42290215
291129
44774556
61078950
48651556
50676922
32760353
96688255
33634175
24871373
21789447
54547181
82976894
27155674
26828560
4244088
64915040
53093573
29872448
42534452
81441098
67890216
25012955
71119157
66210028
92843582
30271462
98886538
78335500
41053678
71349167
5144667
35170907
47558558
12859757
43436764
99141669
46195133
11144197
61724046
83793041
55736659
89427544
64036729
72440237
51237685
90862823
41135280
49155387
13021170
47917144
53290432
26298476
65371322
17590450
56981942
15397060
39749739
71117389
29132348
28902256
23231170
94087974
57433523
19196094
81859313
48332879
33390157
58198024
80751780
70454325
5895689
36016029
58037427
33543717
27472703
10310401
48088056
78412301
52751097
69385949
91010434
28571332
29323828
81501052
9993474
39233308
54811403
90479580
85859346
94766069
60782693
83434439
9046174
61316662
24121062
259092
43253871
21732074
99491219
76516082
92113607
68439025
12753567
11449239
20495290
6605226
54489284
31068948
45446313
24689667
65240743
72607410
78258815
22399606
9638277
51113614
68791489
47107121
95275728
81555288
75926009
78938252
4013638
20517803
63916931
22032883
68330249
60437683
3397931
4883720
43407047
56280935
37936046
66197787
96826839
89674205
62279625
4384161
62078833
78719307
46824459
98556657
79506612
23069370
34326561
66850477
78901244
33317545
29518950
13886888
41633211
31346781
43670
33380217
17033245
24011927
7989246
74166563
57673568
46373012
95327587
48343819
81267402
42671226
53673371
58747728
63096096
3336812
19042739
49648843
12189528
4540679
45667128
39340478
86926939
3149253
29421892
76197794
61291693
24414723
71058361
70823436
61704900
42330456
92181784
96055178
56179229
93304112
42796622
13896289
92475671
82648505
68244472
83839416
50012353
40363050
35488857
30589983
91466011
57776194
53955019
855232
74323032
89841940
64511743
18650209
10078462
39231213
11686147
56482143
39347728
47831430
58831308
75809815
24847262
8865415
53720462
54334689
51016617
78563289
2920441
9965735
58996049
10168768
67300917
51709993
38739954
55033853
48164934
36276119
46238007
75653642
93740090
85838325
13132152
93715558
19148674
27193217
68459082
52585034
99478938
45452258
97814257
8122262
65208604
6447708
23924837
74322368
1985630
91190048
4435402
40993932
32650100
3000060
7651668
49538498
38385109
53348880
45053883
59866357
58013345
5974540
10582907
66581520
89709969
60503575
1018479
25791487
7781390
86591549
69210506
35245049
98663314
77506418
92490647
69974033
14920461
78113844
22282893
13212549
43784189
56383711
17748198
38089952
87643178
29822306
56239650
89441382
57906248
28644664
56411107
87052443
90785299
76036890
46013584
21752156
3800229
92518288
55730065
43991075
25186619
86198354
22840915
50889033
44890911
73633867
44078378
62209678
55466627
87026387
25720081
38316615
73939167
62660689
40787897
33888616
61585590
72769822
18159899
19016
87579698
58422593
56469540
44297076
14581635
44564471
76857631
33566757
19605140
70003033
2959060
77280979
1874501
44914274
83947618
60717119
70887117
56356209
57028703
6792163
52526561
78311364
79461091
32813551
98824874
6939959
47005332
34224445
37851741
34010657
55637787
71249795
54212149
91885982
56435686
56322202
47762965
51974629
99730004
40264317
78412847
35223048
63939387
73427063
68248747
98003869
16939707
74330698
98736212
89668818
63390303
72828389
10369581
39069055
90129313
7409580
84902069
16505872
33566920
46983125
66164690
34859969
57946790
76327832
54486770
99057615
51412311
31370656
91859843
86567175
18005687
95550517
40240504
43279648
68044379
71748308
43766796
8911998
86760708
25611329
57166545
43982244
91656943
55573102
17265011
16440404
72719489
82467069
32253100
20199553
46452330
67355406
64256291
40096432
44631157
60041856
84748370
48221161
1746093
52710067
89482919
15090793
1292344
63226637
69869448
45801625
90384451
870714
51099964
6080252
74611251
73599642
23835670
86063623
60615121
80432798
15892360
60673429
22570369
95133435
73117072
44610315
30552136
88091018
44527364
7278647
93728551
52154130
95788547
8362569
39375274
95136769
7233088
38309435
69902980
36818453
47880341
99636659
14404747
1481216
55293614
44763338
18671707
28374250
92615516
93978076
98191740
31969618
98751453
93189622
12337371
31470050
95425000
35267062
4765469
34752569
65707849
61061536
94992725
5779338
72630848
76611487
99177326
66479703
43611649
71568736
4328588
84205159
6688338
542727
19482802
74081574
27927295
93845503
79824865
1930648
65877540
97030124
85301754
7905278
28572604
99650360
13965235
83581146
91334966
2829692
62097676
25969459
9516951
92512762
28116162
60763513
39315925
30682658
75316594
74104323
61930471
50362418
79710815
17248258
91578235
41879502
93526191
51742298
36274913
47656925
32378571
84060121
71777882
40705081
24695817
98124952
83726771
48023314
45660677
31742726
30767270
94280503
94757981
58691777
82323312
83429131
65952738
32062924
88686692
6317326
2591968
16416502
48222137
60898693
25314612
86420476
46739631
98299764
70570199
97856542
57464881
62790132
79788394
43228660
6542517
76610479
34807962
88681191
28635700
31648839
43865050
51531469
59939596
89115611
44257133
18444216
41805152
55652988
2740378
23123001
37173484
99724651
62784524
99366445
94150098
95666677
9000895
434667
26302078
34440807
93375455
28894010
17640271
19916397
95380280
52455846
1752423
77417455
68603231
90797825
9182098
37306406
60226992
45953627
24902158
20536338
76505071
14579974
48610439
45388639
7323713
64257220
4579204
95023108
16005192
77952588
4918851
34002784
46699199
70872717
30370248
38615841
1025614
62154868
56118982
10602157
88073208
40193787
16628722
76802171
57425348
94873869
73119776
38280988
83575099
2573947
20072867
21640637
81908567
40534659
43017039
2518749
1376735
76026026
18864489
16681898
57042403
22725501
32184065
47657146
36880331
81814452
66059071
81505408
41524991
88523649
14553885
49125404
93101844
66205995
55317854
34387215
79844371
49487435
15483810
12429470
86890556
75644568
61772474
96614481
468897
59080207
46592869
14920745
62625448
57615738
45932857
6962342
96709755
11291807
31962760
31360011
20029029
84466550
33528913
99848766
9396231
70223158
51092982
9292107
87739203
22446310
9176711
25683006
55504349
65399627
49000703
85247061
99279818
93233924
86759738
16923281
71879491
12578768
88856056
57783234
53070536
217442
44415879
28359310
68193661
44818077
47543459
58388150
63116624
16791435
37020717
5135328
8277962
63568375
79539569
86252605
32019295
58937802
24057817
57029204
63970971
44558460
99498526
97933697
2947251
89355658
75766578
42503288
10623587
58236632
58935098
67922392
72210011
25405913
45458315
91042605
58401006
89534743
17396331
61131265
69073684
48136193
20891166
17296039
38522449
66720371
33512381
83318023
34459796
34651674
92594469
5536112
88579237
34102756
26317096
460450
55167796
61097523
2033227
67952998
6071889
28358119
82229012
43098388
35261868
48518514
57503283
5298378
64306812
43239996
8083364
36658395
11262682
48861473
30647830
23394796
9793250
92440201
55605758
23776670
42784691
93386172
71485895
84026085
85281100
5366056
67718112
69635926
35259618
50750294
4843393
93724564
47580228
15599500
22067499
66331781
76386748
67034099
96077415
58970543
74301882
26803701
72168514
77284320
92950645
84970395
98984341
61319855
78662875
65842820
11549798
87710452
59646936
64645486
23782414
30974936
76493131
57880528
11295319
52172683
16556770
52936666
88059408
22315192
74587208
83222892
6371090
55219923
76910588
73951924
38576009
19902168
74540463
671298
31127860
26135971
31781812
37737460
56815529
28475230
11210444
47150988
29370507
73811274
83351115
89518668
86170592
25453344
69944169
48380862
89384674
32753625
63381845
46740170
43657393
79458559
51711871
350170
79311311
36253375
18547280
96170556
4048181
63376885
80287903
6367714
83259763
57718832
69250294
48337452
69312588
15472111
70619336
79449171
63549968
86197452
73576094
71558525
61258394
27068253
2522979
44808191
99474478
27098419
53018632
52834066
262406
60316214
68851352
2216875
77970838
44132302
61621329
57866772
57982041
24560307
92268303
33001263
36595018
83483354
5172724
87474342
96938238
64820255
29774850
61437453
84186488
46230109
42097677
52660530
34860348
40904287
9125916
5313987
49615561
29896
22684772
15610265
96683611
668979
66278532
75426110
34003645
46082893
48290505
68874470
42089819
75941423
78012180
8767552
66807019
82391349
57160914
50010198
81481862
54619403
8861864
45185443
91154755
29329592
68511264
13941730
18282693
7465155
16504570
82263972
28831418
8540456
41504418
10308222
80449414
73108363
84739695
68202455
295174
91173754
30768501
38063572
29093052
29774006
78204114
17453392
121904
56482407
45094519
74594096
57094687
7250683
37962487
58886171
53265995
26791870
40954509
1619653
15608539
17615049
62113430
51242024
2528374
69858478
7480886
75143852
31342639
8227965
40552186
25645878
2622479
84632321
24547594
11718935
2507715
65518022
38030413
39940705
21228724
11440296
593687
88291011
86324920
23068017
44653712
54610008
72428131
32604948
21829972
77891211
15983023
52520059
37957534
65054080
32905734
54514724
69469316
68438427
9935670
40814884
25702067
49985628
16314387
87161265
86621291
36919254
61429393
82281038
63526763
20710419
6189581
62159374
1491714
76210743
21152918
39089527
66605081
81058563
72805937
55265267
38527775
96811605
10898464
48589577
59440130
32732044
24365951
4408745
74149327
50747493
31125623
81041115
32941773
85834148
67911660
39254898
18706993
49915967
50318435
76259623
2925888
59346393
80349808
63310988
31307699
76136807
89026334
12688942
89176339
81318593
14981193
54594111
99148261
5173241
36479526
87417702
59210331
23537696
93924766
75875288
37997668
91989764
62669480
10654970
5887767
30440986
61827134
10515580
95468653
89512166
13785100
43180760
53005206
27039303
1248101
64909885
63719210
98155349
3895277
30287003
8015080
15615909
35112846
3554018
33224655
68384619
40768363
10724648
6010775
95966597
66621378
7750704
44260885
3576042
48719264
4172472
14118197
68946692
32005902
73970126
17739428
35441497
76374727
5743239
90434482
8090566
66526697
92880620
72034929
69284045
2247472
41042863
16654421
9069280
9097157
75065176
57445707
21349259
76009781
60298147
48525269
51751988
95928592
14439348
64927964
95538110
58357194
75068762
53270553
34636731
18585441
5386206
90744328
71747070
47352886
66059087
28123488
66416234
46841513
54623956
63667319
3101015
4143413
15545512
19110639
24444342
41727870
53821846
66378362
44344590
15936399
42934861
84226461
14868708
9162980
3979997
7703000
58657648
59130826
46969519
70139323
94195386
69555792
7588765
27322893
75160367
50490527
83094952
96569656
37050905
43772316
69583275
39605265
94373724
99251515
29505164
67480844
59907500
80856358
73108751
48190406
63900872
98053796
20381776
53223486
35537093
77895038
21112241
87977843
71595130
15588228
49842348
12773647
57959667
67419703
59776411
76151825
28480147
78849147
75113521
50205739
42651629
72732863
24810988
78886750
38687888
57883285
72444667
24540625
71779842
56551779
76617492
25373132
78680086
90925670
24277630
57109624
19226885
13359334
15342902
25804763
33018744
12813122
41188199
5574979
15173210
80852787
91837836
74967663
58951344
74565943
47114918
98747459
35001815
70881077
55534924
48071492
77076385
67028455
81390919
51341710
22291041
45261246
5262954
20463985
10354853
86459006
96094297
2809961
80661136
86864675
34012433
67869096
18733281
4960052
52232761
49394735
94240197
41363684
83668217
28789429
1643986
33638964
43278125
63541176
61515136
30029183
50724763
35713612
65648153
91390160
99566267
19809622
52333255
58969963
8999702
46769226
79487334
17189211
52078203
71429036
22820114
75204255
40361332
34461914
63809056
88789529
59117889
46631956
47979249
44954210
89485621
13141287
87832101
35712272
24402370
58911532
56739433
54553887
83658415
11834290
70217108
59420080
60079909
50341332
79215044
59361395
83638408
24086590
6408138
98565284
73191736
12098511
40945210
31065816
56596532
91452665
69710809
2203193
79092986
51330962
63877335
78779518
87147412
2275203
58372604
98861095
70348542
98509111
58860626
44306509
67488451
12394418
85931036
74353608
94619313
74402923
19415269
96977424
32662232
19427933
37095230
96234977
20054640
60824809
51542853
78441802
31957831
47261844
36426607
47778972
91706424
44279011
99343687
72808252
52466658
22393591
2084233
59376987
7480600
26658098
51206620
2523154
35808487
48767249
81900515
50244992
67141607
22127236
36337003
75378498
54043252
12741895
94052834
18329936
72885441
84336789
46388398
33039519
35784275
74833642
19596756
41306232
84996947
33103942
41963693
76482707
58528540
29871982
19126425
76552982
61106980
74703935
28751206
68734863
48219608
42211074
70827806
73002507
32565000
34911538
13061430
40303794
52058848
87636561
52190339
32750867
96442827
48933389
71530048
47691283
75580583
58608597
12642704
85320939
26685079
77371856
94752816
60378979
6750
14481673
9378250
62468748
32921988
42360975
89617973
76677772
20896760
83341853
3635770
86423601
20460183
3015162
50101764
93831365
74108130
47102101
39701208
9452691
29967084
14331290
31292753
82764587
40083538
66496266
53895949
67640811
60364526
38684748
86410489
42867124
42479906
27612380
85817294
36775750
3447223
4060135
51584206
37203266
82155171
16605892
89096771
3230047
43741727
28157183
88157140
33538314
72528329
54233447
63941887
87729703
2121476
52512565
17282117
1572249
67328403
46847865
58726945
84900474
26693583
55778177
6574031
41771317
96747954
35494907
12898579
6482396
59472976
40296562
93584807
46188134
53016742
49752487
38461580
41103116
32359505
11114061
55866531
16660925
91411202
97952933
62310698
68500718
70933664
91572343
62388310
90782566
37715327
50428932
76674009
91086626
9586546
44618914
66072544
51030008
18148574
97423785
69933467
70739203
46499633
93977280
22216186
17444731
52776464
88306585
35088281
83718716
91990083
64317298
42562649
49254848
78419458
83732958
78126768
31594241
88737112
84566457
19789961
5829488
92075746
77391989
73572226
71073177
7405106
23502614
82180828
42356073
30873591
68979946
39468560
50623947
46179083
51768849
63240176
40631126
29568822
95041439
29071187
66782558
87728138
49451098
96025854
355228
21603134
49318642
61508905
78033614
92112495
3359113
66958079
41322748
74738789
49249184
38682352
39156427
29149774
63151445
88873280
91896972
77285370
30253362
20664617
43926827
78756132
50445027
78087935
64161266
15934197
74451263
56869729
89065310
52777858
40050024
45238062
41136882
11216030
5450479
95254540
97322174
16829093
57470531
34659955
26458040
1597692
5844962
16819726
62590204
15651269
61811771
72077807
31894911
92233239
39065713
67675452
4935607
30509897
8234416
5363857
3115128
9385278
82223893
85937377
48437753
22144347
9096653
48136647
9074442
26532098
1587002
45718599
59728408
37786215
37924611
60963057
45427165
53176198
27328714
65483177
10121027
85761933
45351795
29929727
27346992
2369878
9193043
53026842
49220790
6195224
81168125
27349472
72148872
77973462
59713440
84350544
2905939
91325037
41619225
64368345
97102519
47661851
16627427
38692433
33571117
33954592
86096586
70238955
82828188
92694966
81127429
36983920
25523267
7547137
92359219
58025675
77665372
50467738
13588410
55995430
83420757
6484083
44427426
61507356
43405011
90855269
93412941
15437480
56646338
1091
72289313
53043166
67775854
92368779
74634317
60282713
27504560
78317786
87560679
77167209
94075597
9137972
93918362
85574478
26134294
94476686
84238897
59677515
43337419
44735441
12604546
75987641
60026943
30406982
98691408
76985040
29422548
73858738
99427027
57407200
71041011
40728806
48019468
95488306
92429480
77885740
85556235
82790337
57803623
52813604
90937759
15739294
810456
85318923
48601680
99577572
26389638
26616226
80310493
81166240
97585865
33134188
7216514
70918582
57168968
2794369
1484635
36118910
91047146
90049841
32944566
47978366
712751
92631027
15560882
43002031
15338871
7731375
10950410
15589345
40648964
88275494
51742998
93262487
11310567
90947655
6273124
58515041
86358146
96818647
17906135
71995881
3028967
2694162
17244362
20590942
83399817
26718048
23524800
60938116
70341283
45298886
22711335
54008211
54560245
80088545
34101042
89607612
42880106
83526516
54705374
81005811
9412177
29373954
1233526
69363787
65900616
696551
53196664
15236737
85277138
81915497
37468079
70147413
13340666
3830945
84575780
15073913
7480983
60932571
30070383
24668479
48494397
18846925
30502659
66121439
81793236
56431509
12861381
69807207
57690019
41810588
78763637
15196764
56940943
24557941
40256089
59993817
7362342
37266932
72777148
3049442
20087565
38908376
32646360
12332660
99910727
99661907
1388753
68082084
13167625
22316647
87268307
68236399
28733059
18872155
35596079
18339133
82967669
12630832
73694944
81335785
57826357
15858016
43844330
94029081
2844190
40996279
58094700
66430724
76344680
39455476
42532973
67845764
28969157
26160356
25396442
69248207
3504920
40322630
63374228
55354350
78993731
13314558
93501598
41772758
44231116
63056334
44244005
32707653
46020852
10989592
38684036
32915020
20927940
22494635
75165872
83958401
85777251
4519059
76318307
29284102
31773931
55220619
56068726
25233046
39875587
49587381
66076888
5829295
10925153
62283298
47958760
78032818
83057265
74377562
35737033
71116823
91019856
84151177
24146374
88927559
7306611
43834442
42737883
17007200
93374813
73914089
53168618
17908032
80727014
64559046
17628433
7498876
96263908
59748959
70047851
42662284
44069628
33849666
58547000
66503742
56669644
12665120
17527169
51041724
32805325
61405288
70872801
49320164
85898156
60544769
63923298
18982501
37630453
17207020
71190289
7569141
4448401
14494239
29237521
96147855
41297080
84093093
99706851
82359227
26526094
98521668
76165300
46557015
94658305
18543116
10264493
85445834
49593068
98556717
47645198
16466319
19819308
48187157
32086160
53150548
49342647
71827969
57587730
26768131
53284712
59555351
22397286
82806084
5491670
82613581
66424781
12173225
66992922
54583542
54063217
86492489
8779802
55380892
98120194
54442234
30128052
79390722
7383136
21830241
24566720
61330553
80282175
81931794
99600055
53843781
60181095
84595850
13417862
79360815
14018122
32721013
52083709
55425244
95334797
72925603
34069283
97467636
5172510
3583888
95507043
35919624
69882751
57873057
79162327
45596165
13588472
32073296
22879869
74433981
14850416
20085922
19138668
75959310
2033660
83982172
96353017
95268368
59935965
37367962
54686398
31838934
91431066
43447523
74398915
4151723
2196286
32891516
3127750
70885362
54035383
27962880
20004126
21358873
62873876
18826290
69139107
33930808
1195548
75564828
52764478
15224283
1505196
95150028
75193906
75332326
47344104
76459228
32773398
64568134
81451171
88406693
52119072
95859942
56853967
46352762
89194094
3550407
5990425
40177787
15155590
44145567
5403294
63755433
31406195
27468537
69115879
80032428
75913874
77708334
12488981
18519628
5617484
63014328
90175362
42721813
65614517
99571978
26729507
43881381
84831329
31505703
26496806
14383681
70005071
11489856
70597693
29269456
5060472
58608930
83138735
17522434
1343486
49793304
76224016
36147886
85677770
9066972
63906575
69530487
57838815
94878866
68911111
64157578
96794519
49949538
32775489
74516535
45939822
70350098
80000080
39822612
61557006
70940513
79860313
33206297
65862118
72829499
95729227
25086862
6251884
15178346
11073257
80681431
85744442
98456287
73725851
67946586
96111017
99165056
5609947
86722166
54824724
57085531
83771728
42444543
19706413
25259454
10404492
78519363
31026544
90204380
54482886
50291362
9825866
15270236
65694137
70521553
23346619
33580908
32544328
81379688
13719942
18664535
80834195
11182621
74433935
90661289
86140295
55456796
50610922
73907591
4503819
81375761
33751161
7730872
9220725
92221285
19354339
26449141
58443285
4239290
96708961
66854784
8244511
82109447
44143720
31872161
28863388
51219999
10163828
37613732
78040189
55036974
71149170
97719605
34667584
54079622
69670079
53650559
98424687
69361607
53980425
42514718
16627501
57630065
58876608
5043249
8220757
68332363
90864976
75490602
16652436
72963033
6459056
62519942
38313712
76290954
1431930
25544620
41293494
15939648
60977993
74531646
10388084
31891021
55992188
72933302
28622940
40705724
9053773
3198214
32984865
80600832
95205589
62223307
62629447
2998275
87248622
90143253
51519892
73755044
3025661
14177
4269822
13008933
63046682
68233564
33904077
46421154
20812555
65948387
33317854
62569862
85322524
60238759
98406044
71346288
15504843
90524416
20150915
36427805
29688861
30426657
15397828
11249927
39740758
78228384
71614922
42371902
89114002
80110109
39624267
16728202
46819550
79499960
20108286
19980883
85199717
3160844
54636678
42035407
48393509
40048084
50025501
12755271
510138
42506010
36031482
76008298
27781383
81032187
80700960
13400233
57342293
13622980
65134391
10398881
46793710
88624519
49993642
17024670
93328925
86048080
49770754
92881235
8960765
16469190
67653296
42022202
9264217
38914872
33762731
36998065
67053714
29553581
32608755
3399676
89543022
31537590
1793882
86312545
87789603
43007710
33318970
48318776
20604269
55055364
11281834
55031136
11610801
34347241
75327436
88616430
57769126
56152875
7899605
92362964
70429565
32675670
5160596
90069578
15864571
48873029
6386251
42881386
51228267
13361415
24710875
3169951
84022988
55537330
43287435
153401
18406004
51705347
15244955
45174500
90048408
42789498
33266568
75902492
32762147
14114444
15177915
68197066
64740035
43778054
85627112
31970537
30007486
90297167
20753868
73106942
81563665
82493406
62686703
47344431
46693580
94996193
3773724
53999962
72061629
41275118
86643698
17513022
6450954
92774122
65510681
83007686
42391898
37504972
26576784
8420001
4426760
24367791
70954105
70210388
41386945
501440
22218269
12278341
52812512
38126818
32522382
58419392
55523025
64631199
26141672
77511975
75352550
55051987
37385416
37594451
31190475
19653309
71004258
10090256
63723836
20949136
37537339
88661727
49655650
84311694
93485114
68520885
33677707
24214124
46760124
91498057
5105163
94191516
71559414
99766910
43834218
82764540
13618662
56847099
61162994
19855122
56749502
88353416
65019713
28633756
64627980
66932968
86271150
56273122
7993381
15929542
13038212
43742975
36733193
34537039
93324465
49566285
58771282
53551441
82767273
25366866
43242825
15303484
33950166
52073839
74130905
33951824
46468937
84808432
42356126
33039199
22822861
21763813
79251965
76061675
4206392
7798738
2425012
2773758
92405526
7001048
66190670
59049826
99256973
30137106
83091239
61344967
3507174
82688497
10444771
68145945
36412116
7087427
76439459
40275725
62047764
28797439
53979757
59512615
66054908
80046190
77306761
40707721
17421041
67302236
36356909
16432105
21905862
68997870
76889331
95157672
42845884
98535264
80603725
94073462
25327498
44273296
98786863
25861692
23096808
2977612
65467462
75105556
94078414
56126615
21625333
34473408
4243
99501233
40692314
83421685
18407441
25646499
57398768
82881473
51115220
76078094
66960918
28241398
92378503
25517182
79670641
49912082
1905062
33972025
87140789
75855118
13316810
4145005
20775495
73682131
96930747
11428852
60476308
71277222
87267037
31666039
82161455
14368621
80316539
77880428
16366891
57073198
3354064
71350448
27014220
97159963
60962514
14678224
9371975
61626494
64936954
4919210
49303176
20154779
62866620
23372090
82083421
54110685
90446735
65288805
38390265
36973855
85950882
27549778
67505978
88432596
21798686
55259512
83342203
48850831
27782374
59252923
87586445
83411996
3269687
55662941
86086716
65967295
41579623
45985019
29532104
11463478
18731273
51484403
77553367
22797878
30894995
39327105
6559133
93046179
129051
29475776
55939660
57230984
6363759
51176709
34711522
19146932
45099066
25774466
91242976
88230781
54910431
88625723
82391214
49062499
6611749
27044089
65199046
51806084
96802990
3492821
74240039
55746497
42534095
53652522
40767496
80051726
30945648
97526031
56014063
15986653
38000656
78402921
80305180
33028095
93800757
49291114
52091015
67677992
38484027
59333350
56567851
18244402
82330498
53761344
72251394
81457615
56455388
90100633
25680838
57511350
16348953
90624332
49373869
18966661
39525780
96464058
56219346
85928812
40675233
62321538
14685618
75005097
12958711
32384565
33538997
92774136
92478223
67836032
42208230
25844957
34444731
54255043
83497231
39056716
84203630
3244207
19039776
30967645
24028581
76777336
84706215
11504442
77473912
5047022
23113705
60490946
57079577
39001623
63457864
97747673
48351746
77296408
15075143
45551350
33195803
34043763
90461607
92466328
69357633
68532462
75915279
73907332
58932802
80996250
23535522
69265744
58632299
89547064
47004416
78029191
7247316
42548399
65391463
78046926
71634467
87989534
54164330
87941108
41546777
16831373
30654815
52636792
35764679
20829956
22420564
46081002
17235104
57003710
41259488
38444063
53305761
90695788
13075279
6443846
98645487
97092922
94358763
74906415
23070563
37097387
39741278
65274060
54250737
87608860
71892668
92494503
56147593
98558084
44977857
95572587
18041871
69444405
85952441
9038510
86135186
86664421
44169056
82684302
29965522
39579143
79082756
35142823
99254821
38052171
68285004
83231371
93310809
87101650
23662305
23454464
34734209
35343786
62166908
54658168
11936303
3066008
89503388
21550911
30850785
13052882
19976383
