56 91 1764
5 669 126 816 267 554 789 648 856 33 489 728 717 776 682 426 720 69 834 560 858 901 96 588 641 62 860 143 4 503 218 432 918 213 754 586 13 275 110 514 700 533 454 224 728 546 316 812 600 93 266 566 18 525 557 679 342 687 143 115 100 956 498 50 720 202 226 154 11 92 776 664 376 246 481 893 392 177 753 274 182 840 492 561 962 860 693 92 228 219 767
319 347 213 340 949 701 48 131 108 136 276 77 923 167 602 21 793 327 321 144 401 24 704 803 217 548 235 613 838 151 481 394 24 699 725 78 678 18 244 818 372 910 244 269 198 780 16 498 898 961 842 41 238 120 546 370 533 558 342 459 86 866 829 169 61 104 535 918 970 648 447 444 503 873 306 519 934 115 286 151 706 712 881 147 50 481 410 904 756 688 609
971 232 424 171 204 60 304 960 315 125 597 830 251 226 189 663 97 813 287 254 141 95 410 163 324 332 975 490 563 545 790 820 309 229 821 255 293 926 887 523 601 649 361 661 105 240 516 652 819 701 898 704 893 431 976 558 850 75 401 342 119 394 358 990 115 159 894 191 892 572 591 142 871 144 630 151 285 253 121 245 735 852 553 516 697 922 352 889 917 274 830
355 365 299 267 485 837 58 461 230 338 903 853 561 108 443 248 545 514 277 237 795 77 357 634 71 557 226 671 992 392 697 182 462 777 678 766 395 288 997 722 796 325 44 612 36 564 998 423 458 250 179 686 34 450 842 321 904 287 307 691 28 822 891 65 109 428 540 715 154 472 398 904 759 628 825 360 270 391 519 181 470 219 464 737 319 270 422 860 604 866 542
465 37 683 451 852 471 144 902 72 416 645 615 153 969 75 509 447 597 519 862 75 966 201 328 226 129 463 898 85 974 28 75 274 756 891 528 17 916 918 460 638 173 636 761 682 30 771 774 626 417 787 165 145 225 69 947 913 812 403 209 187 427 118 428 800 668 555 592 717 719 574 508 40 131 413 777 167 329 574 948 864 879 325 235 127 764 72 25 102 586 106
133 738 645 186 353 551 322 981 449 628 34 671 105 973 326 900 762 393 316 815 486 383 817 179 189 905 925 372 583 503 778 671 232 957 478 339 942 543 886 925 499 23 105 671 496 692 5 44 545 145 32 274 703 973 935 194 339 226 719 833 5 348 330 975 62 235 101 335 979 223 957 105 249 110 732 347 780 745 739 137 516 359 886 403 757 533 242 145 332 653 916
53 336 752 539 611 611 901 415 437 552 649 624 947 81 610 988 444 830 968 801 374 692 515 684 799 877 883 733 114 533 775 384 651 817 331 59 87 9 247 700 509 906 911 775 596 257 596 185 591 459 723 787 682 51 282 908 929 850 806 327 120 670 667 683 805 689 62 144 260 475 793 521 364 547 813 657 168 188 571 91 461 842 383 486 777 102 414 242 102 746 358
52 4 713 594 902 38 230 403 149 38 514 815 879 364 607 799 684 257 943 801 390 185 185 78 3 489 712 898 355 695 904 414 477 552 20 971 754 252 52 651 274 312 374 107 614 268 440 127 502 688 13 902 407 7 641 679 133 322 181 345 922 624 161 473 396 877 721 572 913 16 642 560 562 158 738 9 60 330 485 300 291 522 323 670 65 204 483 40 980 281 566
638 912 69 334 709 768 53 352 986 608 100 161 207 147 273 681 672 948 649 373 737 331 313 497 165 107 240 518 484 831 930 258 828 106 447 955 272 896 990 750 327 462 264 482 100 750 668 868 583 559 768 278 707 806 608 368 44 559 178 761 549 278 715 808 279 884 637 244 839 862 564 185 189 582 294 491 547 427 616 2 332 125 519 528 499 871 710 742 142 447 346
350 969 590 530 998 63 248 453 351 420 217 1000 752 859 902 284 622 272 564 835 528 634 488 126 462 852 952 675 408 309 759 241 719 918 334 531 170 605 100 365 828 404 907 501 5 770 773 177 660 273 128 940 578 598 996 553 531 633 315 569 408 490 668 697 11 501 248 212 801 580 777 477 368 865 465 126 845 211 804 549 778 942 160 129 179 252 664 99 662 761 868
977 539 57 992 292 754 486 363 712 326 59 821 749 780 112 443 922 662 285 951 645 835 426 523 127 694 307 571 251 856 384 226 753 127 396 912 9 775 302 376 390 215 900 11 468 225 491 95 300 716 117 861 665 918 242 902 379 530 183 516 779 54 309 17 26 30 738 936 149 369 273 270 639 298 401 642 976 696 435 313 672 780 314 459 301 137 142 47 492 84 276
922 89 234 674 443 457 906 239 119 492 722 107 186 952 338 189 53 639 749 772 812 325 27 669 794 523 669 228 273 929 944 481 987 816 775 880 91 742 726 319 524 706 575 638 549 246 860 367 405 77 485 267 565 551 165 121 123 614 51 313 204 948 338 961 92 678 59 761 990 366 533 240 940 12 146 814 435 420 224 913 707 629 781 433 483 30 827 963 258 458 724
538 776 797 839 167 447 572 328 18 920 611 459 942 848 90 299 936 197 181 949 320 100 86 773 577 358 459 207 302 155 75 828 237 475 155 309 110 1 922 792 892 977 808 985 122 638 246 961 147 333 104 291 498 378 657 584 105 40 430 951 763 752 406 245 48 844 827 102 881 592 279 986 90 375 842 452 574 72 816 792 173 614 956 68 911 773 195 309 69 874 561
290 450 64 351 894 280 223 681 516 423 351 169 371 963 512 910 830 764 1 836 105 308 449 259 730 982 980 675 244 977 386 877 432 152 520 55 273 525 748 846 489 546 356 193 200 934 275 522 723 670 331 944 33 660 513 109 692 732 434 911 371 836 216 438 196 804 558 444 254 527 599 153 555 204 533 372 614 173 603 758 639 859 239 548 949 634 616 242 903 676 841
532 84 460 303 220 903 192 460 9 130 288 496 824 36 14 813 752 7 523 294 774 496 825 639 234 136 675 825 354 676 972 958 209 174 17 321 246 512 911 451 845 903 442 448 420 501 23 532 244 627 680 67 552 390 569 898 427 703 256 839 667 759 814 614 123 61 835 359 962 7 577 30 937 831 860 747 27 461 732 86 732 434 617 869 912 603 433 800 304 757 115
606 745 661 78 998 693 274 451 861 871 36 279 571 693 225 523 218 705 318 365 835 413 208 260 436 759 871 183 765 953 820 750 201 562 232 217 178 548 182 914 809 411 800 292 155 734 485 628 713 173 571 391 253 402 903 419 102 596 893 342 309 786 499 152 942 823 479 407 886 749 977 337 155 85 185 33 666 928 404 958 862 761 261 292 337 578 257 959 859 272 92
771 769 199 404 798 767 527 652 942 544 268 903 698 509 842 158 268 131 676 704 495 66 591 673 586 253 683 642 233 669 992 635 507 259 481 319 891 854 783 560 880 542 703 741 890 70 705 398 573 309 449 833 282 747 29 286 97 246 670 179 753 16 568 687 842 894 982 617 844 493 884 152 941 767 262 537 27 815 650 187 38 533 575 8 540 845 372 974 473 790 301
87 121 726 925 930 654 249 517 934 26 209 619 339 646 380 976 587 992 930 743 545 230 803 271 511 32 561 794 454 960 991 999 292 203 17 858 322 998 81 28 83 746 132 842 70 720 847 182 664 241 495 508 622 394 122 936 231 674 361 533 990 421 242 944 287 557 816 36 111 929 290 502 228 496 622 290 659 732 213 241 502 854 421 569 331 920 91 679 459 404 217
339 338 605 125 422 233 109 312 252 99 593 137 121 297 437 138 648 358 992 636 512 530 836 632 522 240 42 749 114 930 293 105 165 953 672 567 422 318 83 773 938 152 556 710 684 656 140 363 869 183 699 160 579 848 671 500 66 705 804 661 387 120 910 758 107 431 957 237 488 362 171 597 908 966 388 638 261 26 578 575 742 988 333 746 719 461 120 530 386 263 260
262 469 788 937 653 597 216 997 208 816 678 968 629 373 76 497 61 107 653 357 266 705 794 302 552 634 764 276 295 781 264 941 448 691 770 33 268 849 548 796 852 603 173 641 718 190 121 208 839 822 724 216 20 917 360 839 455 415 265 865 622 542 765 554 414 525 22 946 572 546 661 349 1 642 706 861 524 370 357 103 24 763 39 758 630 573 8 145 838 773 576
798 20 87 660 946 747 628 918 883 776 786 236 414 342 179 695 980 581 828 419 596 575 706 929 442 473 473 702 786 612 509 638 971 375 335 77 311 766 122 788 117 328 275 101 526 78 3 975 452 606 396 331 774 320 755 425 823 131 837 371 337 494 238 204 319 874 338 7 646 114 133 718 856 160 765 179 274 828 798 901 517 55 69 776 472 175 503 677 41 261 375
485 279 542 365 571 115 198 165 197 460 598 575 589 356 189 752 691 818 778 743 709 122 940 517 599 614 609 445 621 559 723 602 877 144 925 305 563 527 950 24 285 735 277 190 374 286 57 413 605 662 90 360 116 101 880 836 578 788 361 640 901 155 945 408 822 913 957 959 759 413 345 650 191 127 809 830 679 341 134 803 334 671 549 611 183 602 417 554 433 85 402
619 37 156 550 871 362 655 374 438 975 378 141 927 749 431 37 995 542 106 764 295 689 346 472 247 418 762 572 885 88 182 157 547 844 936 225 331 879 429 859 34 1 72 825 776 602 287 830 619 472 172 760 271 81 340 856 408 133 634 656 235 185 670 964 636 98 644 847 701 921 428 825 447 573 745 48 279 334 135 176 107 744 499 153 68 966 232 787 472 51 364
330 958 848 640 796 804 460 202 848 38 278 371 444 256 613 47 307 60 859 427 523 619 946 30 186 167 547 545 88 151 160 618 913 357 692 519 222 589 642 543 848 360 306 152 917 645 705 80 882 916 60 82 367 607 768 558 566 640 728 18 226 842 824 260 942 944 89 147 626 304 824 97 514 712 505 737 13 373 829 700 22 698 676 197 95 604 49 835 958 835 309
127 463 225 135 276 985 939 680 115 671 458 330 531 693 485 339 304 840 2 343 68 376 437 441 1 75 255 73 942 732 326 440 855 261 110 523 953 693 30 136 345 16 406 537 740 779 980 316 642 876 367 212 453 678 728 467 68 998 606 109 899 961 99 317 709 934 538 610 305 119 376 173 925 279 269 53 87 336 232 311 799 248 302 491 283 684 358 888 771 467 642
205 532 666 1 137 997 552 131 316 749 268 862 814 190 259 91 130 889 968 71 142 972 258 612 56 447 357 185 744 990 838 68 234 584 318 426 297 343 96 684 218 33 916 602 900 57 396 249 336 158 445 441 395 655 164 299 586 845 296 270 119 74 314 350 190 85 578 261 839 462 857 20 156 412 661 697 855 607 487 119 473 591 73 971 499 36 205 33 794 194 428
255 529 45 282 1000 725 958 302 78 160 176 93 89 86 75 238 239 698 917 655 981 746 809 316 786 50 641 885 876 908 76 937 993 562 57 904 110 951 892 779 575 951 688 933 311 191 823 78 564 304 146 565 186 182 844 667 580 389 230 493 258 404 240 450 430 760 106 961 139 477 450 238 270 407 100 524 178 235 993 116 759 920 865 886 563 297 882 774 931 424 940
889 198 986 157 475 733 763 983 941 951 708 436 587 444 671 186 444 105 169 636 849 416 924 641 10 81 21 249 805 869 709 685 529 777 817 815 80 671 692 490 381 100 388 508 414 329 536 410 347 524 990 946 651 636 841 871 15 762 858 651 80 691 765 799 742 867 3 781 830 242 791 890 456 364 389 45 234 555 396 199 870 236 845 934 327 286 604 862 886 839 313
666 932 34 659 931 262 97 320 492 975 557 310 619 824 536 763 256 983 843 446 462 786 6 386 354 927 504 66 171 974 171 556 479 840 186 825 192 2 84 202 814 878 967 646 244 712 455 31 551 770 942 131 358 409 419 383 882 801 449 765 177 718 899 344 874 790 656 144 548 88 899 966 842 705 445 730 672 259 294 725 148 870 825 847 324 242 967 573 545 913 314
933 924 607 364 187 473 907 993 266 469 129 799 295 949 357 213 664 603 108 99 189 943 973 134 892 337 887 411 770 390 397 572 764 200 396 262 769 224 322 852 185 823 755 194 975 92 655 625 609 243 245 570 616 623 680 866 663 440 192 369 222 419 370 489 922 869 574 56 616 142 293 309 66 19 387 873 867 361 774 295 923 262 90 101 344 28 251 320 111 511 661
168 216 761 988 873 305 456 79 643 17 298 581 435 321 408 271 478 147 781 930 478 548 999 839 65 404 766 603 288 439 281 101 946 934 101 758 81 59 979 261 256 191 54 68 105 929 922 752 227 781 364 312 698 649 920 53 349 307 82 553 499 49 609 528 997 561 355 96 276 839 32 103 632 703 560 634 71 17 975 808 890 262 414 266 630 501 330 500 142 92 962
321 308 748 1000 323 368 642 597 141 927 325 118 683 422 141 487 273 279 683 606 821 8 587 71 734 228 625 329 248 970 623 509 271 640 194 375 629 715 684 239 805 570 977 234 890 849 27 19 470 432 71 874 610 369 491 120 932 108 180 15 1000 982 124 550 913 185 597 94 12 391 20 453 95 805 59 699 392 622 990 92 821 815 697 505 712 734 927 42 291 173 595
952 690 488 983 500 148 836 672 222 357 805 908 849 660 561 890 244 849 96 184 882 906 355 21 785 901 807 799 311 637 499 461 869 324 743 788 481 763 384 834 54 27 13 891 406 612 591 367 338 382 685 957 545 408 941 278 711 977 461 942 950 628 458 668 623 65 982 626 682 183 460 654 885 263 573 404 641 578 233 719 777 286 519 770 208 490 995 547 380 786 208
353 332 438 105 791 405 581 709 624 976 464 728 552 27 837 636 628 45 11 414 527 511 997 361 365 204 414 282 82 638 503 930 675 230 691 800 730 198 631 235 746 782 541 326 757 83 960 302 600 751 751 901 981 735 308 763 187 568 414 986 882 975 161 844 927 121 646 97 594 487 908 456 832 180 726 557 498 467 428 214 566 466 835 812 396 212 834 477 49 767 816
18 520 669 424 731 484 737 631 865 844 214 129 898 899 276 455 837 458 172 32 410 588 648 556 367 974 865 731 123 54 700 412 592 216 186 620 409 311 866 729 675 676 988 377 999 677 818 283 881 475 794 208 417 403 928 769 892 814 605 655 91 759 927 85 38 163 819 20 455 441 404 712 424 662 544 690 644 409 54 134 150 493 801 940 606 527 793 457 78 182 415
986 709 603 165 674 870 102 590 360 178 711 659 224 221 634 447 903 954 893 853 796 539 756 52 916 784 611 508 536 482 14 685 286 649 568 25 103 101 147 389 627 848 742 899 218 511 827 55 737 321 775 66 669 324 267 570 927 47 51 295 916 283 687 791 23 594 98 2 747 817 863 375 85 163 165 155 638 458 260 723 144 694 93 142 762 352 481 560 526 877 839
759 810 288 25 932 530 143 275 714 60 986 585 620 547 975 112 276 356 576 380 263 894 114 74 988 940 483 260 683 925 491 675 566 295 186 568 210 223 976 231 388 443 534 999 3 915 266 940 225 356 604 946 652 416 502 173 90 420 284 69 574 153 441 320 367 119 52 79 966 68 264 820 607 366 655 964 355 947 368 215 637 167 643 168 990 892 695 371 871 521 970
432 610 460 458 203 977 763 104 311 360 295 331 534 291 745 381 591 858 293 440 943 615 548 530 95 705 593 731 718 309 657 595 625 938 963 558 278 802 751 706 18 206 368 564 678 940 555 402 562 688 770 188 53 785 426 469 250 18 475 384 125 800 588 500 632 738 560 383 131 516 206 625 217 55 192 572 782 124 713 129 710 911 889 841 126 599 75 914 523 642 15
955 410 272 914 998 341 746 74 804 334 984 663 532 702 526 591 604 276 222 191 16 843 627 638 376 378 883 556 695 302 749 306 303 592 551 823 322 999 28 661 771 55 443 128 761 804 890 11 202 403 409 393 122 821 369 507 988 892 641 395 400 867 169 394 133 433 973 90 815 907 994 463 407 911 927 385 312 409 907 497 117 393 897 776 932 874 746 765 816 97 106
526 4 23 857 873 533 235 248 322 371 374 673 512 360 78 946 560 107 216 900 900 471 879 425 719 427 189 337 991 916 503 43 469 751 990 595 723 759 880 577 454 132 915 235 879 399 643 407 926 492 250 98 351 163 567 997 652 393 724 841 852 485 679 300 766 281 541 950 399 270 128 14 499 425 703 755 83 267 214 799 967 995 627 213 968 536 157 870 422 996 289
469 132 334 485 609 667 11 389 486 176 18 158 82 545 959 268 241 740 776 777 611 683 331 566 273 829 283 506 797 915 598 871 590 6 613 557 640 64 764 824 218 739 981 363 635 997 264 445 898 469 155 799 15 152 653 652 707 186 612 53 514 934 820 207 628 574 782 33 299 675 653 600 324 22 949 395 974 82 384 580 654 44 652 586 793 342 62 344 680 926 655
487 477 314 866 612 206 636 837 539 282 479 204 78 99 298 562 456 210 589 821 976 926 798 380 890 508 165 358 747 670 296 131 660 857 298 85 51 542 720 784 418 880 401 742 606 164 525 593 846 879 870 726 591 645 276 417 765 935 791 47 615 307 860 255 766 772 158 790 467 94 364 359 213 24 246 19 161 926 929 490 753 809 86 343 996 521 138 154 676 740 206
595 620 451 720 900 751 783 69 326 353 457 638 7 397 591 883 90 239 284 853 155 301 227 705 699 566 569 312 893 850 401 21 932 862 530 979 8 987 630 228 389 583 507 931 101 354 957 680 450 985 590 841 985 838 132 246 546 937 875 400 698 886 388 534 210 635 119 460 252 188 220 228 589 479 798 969 419 612 793 191 408 591 850 984 156 488 901 280 559 703 621
327 489 612 591 35 804 433 775 668 945 582 870 677 272 145 205 102 863 325 124 85 720 923 192 507 161 937 161 674 771 368 351 248 397 190 993 371 571 219 119 9 206 327 792 77 582 33 822 829 440 2 627 336 467 418 565 613 594 482 896 92 269 544 494 699 357 472 600 751 350 936 170 254 364 183 837 939 786 778 106 574 477 492 180 655 188 215 703 570 186 324
818 737 138 401 135 2 961 609 617 810 720 268 928 256 625 426 479 158 834 264 274 720 102 209 670 177 254 547 330 57 95 110 977 351 649 373 34 917 551 903 873 914 7 655 205 914 980 24 59 635 180 955 947 882 964 622 40 390 505 376 617 748 437 730 625 461 706 98 896 547 575 919 502 722 532 553 711 391 368 49 271 148 849 470 46 436 205 980 592 326 125
282 896 160 75 358 332 879 535 629 895 489 181 837 863 996 124 950 385 578 85 350 903 478 754 405 938 300 690 295 541 992 773 600 609 739 654 747 352 445 627 875 440 238 63 60 724 659 869 127 979 813 447 472 824 774 265 411 830 963 473 577 813 55 964 809 524 203 890 775 232 26 934 310 199 843 568 72 685 106 117 669 889 841 702 823 228 182 22 516 418 758
525 308 99 777 697 168 189 131 101 236 681 762 304 913 367 806 36 541 852 763 738 731 241 36 187 93 119 712 8 705 778 395 708 182 157 200 338 605 641 807 998 884 682 565 182 378 188 238 404 678 772 896 623 548 222 862 744 926 49 365 862 742 513 737 996 81 361 580 746 853 363 306 718 730 858 866 545 558 726 263 53 843 600 671 445 199 665 593 378 834 113
500 450 245 153 831 950 306 508 70 654 840 493 840 111 583 83 610 98 168 883 669 905 402 534 465 658 620 879 277 169 371 184 459 678 12 792 183 442 62 865 660 303 326 283 346 278 844 351 503 719 733 673 813 777 831 486 423 756 866 733 948 433 549 402 438 564 596 990 288 630 188 471 354 316 789 805 326 354 553 885 513 144 791 739 773 971 76 12 269 774 624
991 99 134 508 916 612 552 132 919 409 177 138 692 610 829 565 910 940 547 679 506 611 916 341 126 752 130 157 488 365 47 975 894 394 544 432 872 500 80 408 752 603 729 211 21 22 877 233 435 346 420 667 243 774 575 543 301 733 335 24 536 23 213 407 991 631 155 723 650 596 401 195 316 3 638 35 128 257 14 257 663 290 434 229 202 229 100 671 423 379 451
666 701 59 466 78 225 965 839 418 357 235 643 819 983 342 932 299 165 237 201 868 30 948 726 392 676 949 602 309 863 189 728 464 378 610 64 331 264 366 261 855 564 717 135 986 816 735 545 730 316 575 933 208 82 16 152 788 510 404 266 806 976 900 649 802 990 186 84 450 85 342 538 596 297 677 967 860 966 704 786 329 598 259 617 711 684 53 569 199 718 553
543 973 120 141 30 919 412 987 422 681 806 897 151 593 272 713 813 386 316 461 61 852 913 586 205 747 479 67 373 353 345 96 595 31 928 336 364 17 651 454 55 489 770 756 107 609 390 251 994 866 379 430 854 538 354 350 73 506 593 361 284 966 582 967 984 817 827 855 427 619 769 89 540 73 878 823 349 888 473 669 798 783 441 30 941 93 749 270 149 135 598
620 384 36 128 84 614 232 810 425 118 175 64 505 772 126 171 899 417 67 253 674 46 877 954 705 873 923 468 682 295 128 713 255 400 387 808 345 929 937 455 772 567 914 492 741 988 853 664 651 361 356 613 918 912 472 191 194 693 612 476 468 937 965 269 991 243 464 435 875 348 310 197 533 476 957 349 819 22 229 430 825 901 947 74 871 987 48 129 69 911 655
631 244 944 994 413 711 793 375 925 521 963 641 847 409 720 671 192 555 809 512 929 711 835 688 538 948 597 68 605 506 732 440 236 792 756 576 66 542 935 189 661 605 479 585 363 561 198 272 23 620 141 9 596 861 706 1000 273 873 373 53 705 320 522 478 843 746 768 466 134 201 847 473 106 914 405 859 873 272 928 688 709 847 672 85 670 53 709 50 154 308 66
907 413 236 539 887 304 526 956 456 961 583 531 93 670 951 501 199 940 845 398 658 660 788 173 429 281 508 854 163 154 724 614 493 506 423 902 121 73 525 761 257 43 602 606 255 823 433 464 550 89 758 165 95 760 532 35 563 779 357 375 497 78 519 462 455 696 269 815 952 755 539 216 645 982 283 340 798 456 34 875 526 572 67 701 690 539 757 25 608 318 354
394 958 561 393 126 300 30 412 44 702 913 455 323 839 693 100 934 737 501 386 393 105 391 61 495 765 604 42 294 296 691 843 830 373 298 971 14 714 534 16 636 724 115 184 691 146 868 572 66 63 794 325 191 578 569 162 397 387 309 427 625 229 413 974 563 903 540 674 490 145 109 301 898 133 236 848 408 847 676 97 669 780 183 386 653 755 671 81 223 717 691
222 944 398 50 169 838 720 828 839 194 625 675 319 614 790 16 211 175 331 727 51 970 201 901 553 315 409 570 220 597 620 639 67 73 941 807 839 937 916 988 95 607 845 566 987 525 528 852 365 686 488 278 119 778 495 175 254 60 980 475 327 55 522 324 242 734 157 357 347 79 683 365 983 870 481 178 358 48 642 858 667 255 343 691 894 18 478 91 610 554 523
11 28 37 65
50 55 21 75
52 54 21 72
18 51 76 88
49 51 15 61
10 42 84 91
8 33 66 83
40 56 85 91
37 42 76 87
18 50 46 66
36 42 59 89
53 54 78 82
5 9 51 54
26 40 74 83
33 33 70 81
25 50 42 55
39 39 75 89
40 52 58 75
3 16 11 32
6 18 53 62
44 54 18 26
46 46 54 83
52 54 35 40
34 41 34 76
3 46 3 18
35 55 49 53
4 31 44 44
34 36 38 57
3 49 44 74
40 47 1 67
30 54 64 84
23 47 4 30
35 55 45 68
45 50 10 26
53 54 9 16
41 49 48 89
2 34 9 25
21 34 46 62
51 52 40 46
51 51 44 49
4 32 66 81
3 30 85 87
38 39 32 81
56 56 1 34
2 40 70 90
15 19 59 89
38 49 4 63
30 53 15 82
28 33 17 76
27 35 41 60
30 49 27 78
6 34 17 42
53 55 31 81
53 56 71 75
43 52 88 91
31 52 88 90
26 35 83 90
49 56 19 40
54 56 65 65
8 38 28 33
51 52 1 16
6 44 3 36
47 52 30 60
5 48 41 59
21 32 35 87
21 42 36 73
33 49 24 49
11 15 32 35
9 49 78 81
48 49 37 67
5 39 64 91
3 43 28 85
49 50 68 74
26 39 67 70
33 50 85 87
55 56 19 66
11 33 59 73
18 29 28 41
5 34 20 44
39 47 17 63
38 49 14 45
4 46 42 45
16 25 78 87
48 50 90 90
11 24 79 82
19 33 14 50
7 24 84 87
6 6 56 77
31 47 41 58
1 37 61 82
54 56 13 17
5 35 65 90
35 40 86 87
37 43 33 76
28 33 33 77
4 56 26 51
37 43 5 42
42 51 80 84
55 56 19 83
18 39 12 39
10 17 76 89
7 38 45 72
23 56 36 65
14 28 51 61
56 56 15 83
10 33 75 90
2 50 15 49
17 30 80 81
48 56 71 83
15 32 65 88
42 51 30 31
29 33 15 65
11 48 7 32
50 51 47 73
45 45 52 77
53 53 74 86
25 26 32 51
7 52 43 55
23 29 22 24
33 33 24 86
33 35 84 88
36 43 52 91
43 49 38 44
24 45 61 85
6 11 62 64
15 17 40 72
43 47 50 80
45 49 59 64
21 41 46 82
52 52 69 78
17 55 25 78
47 53 84 90
16 17 5 81
6 24 61 65
14 20 80 87
20 25 22 63
16 17 46 49
52 53 72 74
54 55 76 82
45 56 84 90
47 49 58 75
26 27 7 35
25 39 12 90
34 54 79 89
11 36 78 87
45 45 37 63
7 8 53 77
31 56 18 38
27 54 49 91
20 34 5 46
13 45 80 83
37 51 21 59
14 37 35 91
52 52 64 81
45 53 70 89
4 43 18 23
21 22 4 73
1 25 46 57
15 48 80 91
17 17 18 76
8 17 68 89
43 45 58 90
39 54 58 66
38 52 3 32
3 14 20 77
15 50 84 88
36 49 86 89
4 49 19 75
31 31 53 81
34 54 80 86
32 55 80 87
41 49 66 83
32 52 55 60
2 52 82 90
52 53 7 30
33 36 13 52
55 56 79 82
52 56 77 89
45 49 31 36
32 56 42 52
49 53 27 61
6 13 70 73
16 41 69 83
16 49 18 49
42 44 57 64
37 44 4 75
15 24 3 66
48 50 27 75
27 35 20 65
15 45 53 60
2 50 48 61
7 11 22 54
16 18 74 85
55 55 54 62
19 46 26 41
53 56 91 91
20 46 58 88
30 43 23 80
14 37 81 87
47 50 20 29
34 37 41 48
9 51 4 5
17 32 24 64
41 41 16 19
1 51 86 88
43 56 90 91
43 52 30 75
11 56 89 89
7 21 4 46
45 48 43 48
51 55 59 88
32 37 56 88
3 36 61 75
23 55 3 43
24 44 67 85
39 51 18 54
39 49 23 57
13 20 67 79
8 26 56 75
30 52 89 90
33 34 74 82
32 51 48 66
27 30 81 90
20 46 63 80
44 52 70 73
9 20 7 39
25 53 6 66
50 53 54 91
21 50 27 36
18 43 67 80
19 38 38 80
52 55 78 83
7 9 42 86
38 47 82 90
52 54 7 90
52 53 58 60
43 44 74 81
15 31 43 63
26 41 70 91
8 50 43 54
20 40 76 81
18 20 77 83
55 55 56 66
43 56 41 49
13 28 74 83
17 56 74 85
36 47 59 63
23 38 58 77
8 49 55 91
36 56 11 41
9 21 45 45
43 52 21 32
52 55 72 83
42 45 87 88
24 37 53 90
36 56 7 78
22 24 62 77
42 53 1 55
12 41 58 75
55 56 77 90
37 39 73 78
29 47 44 85
48 55 65 74
23 41 54 83
45 49 21 88
17 39 66 77
22 22 42 75
44 53 89 89
53 55 27 86
45 49 70 80
21 47 87 89
13 45 76 87
34 52 17 44
40 44 42 61
8 9 64 91
2 40 44 47
28 53 5 58
45 56 58 62
2 22 27 59
15 16 27 55
35 41 74 87
28 34 63 90
46 53 23 55
10 16 4 66
45 50 50 81
45 49 30 61
3 53 36 57
9 10 49 90
28 33 59 60
56 56 65 66
47 49 44 62
43 56 1 39
3 28 39 75
27 48 63 83
21 32 39 78
6 19 68 89
13 40 59 80
20 31 46 72
54 54 61 82
15 17 49 61
15 24 30 84
22 41 53 70
43 45 18 42
15 20 35 79
56 56 54 83
31 46 68 91
54 55 64 64
54 56 87 87
41 41 77 91
49 55 52 71
50 50 38 65
22 23 26 82
5 47 70 82
56 56 12 44
20 23 3 79
13 17 34 52
32 51 79 82
2 9 80 82
52 53 32 33
35 55 77 91
11 29 72 73
5 43 87 91
31 56 88 88
3 5 53 72
41 41 8 56
4 55 51 72
6 30 61 63
38 54 46 83
1 8 77 86
11 40 80 82
9 49 2 17
39 50 15 34
2 4 70 73
45 50 85 85
44 49 43 72
9 9 52 65
51 53 6 35
45 52 3 73
32 54 67 89
43 44 78 87
36 46 72 90
28 31 23 46
35 53 64 88
11 52 12 50
55 56 12 30
55 56 28 76
46 54 54 85
22 49 16 78
40 56 84 90
51 51 60 86
1 30 62 66
18 49 32 36
19 51 23 28
56 56 83 87
35 55 21 90
43 47 27 85
11 19 29 79
35 46 35 59
49 51 89 91
31 41 86 86
36 41 25 83
19 19 15 53
42 54 83 87
47 54 17 49
5 51 34 69
28 30 13 71
26 26 46 48
44 54 86 86
47 50 9 45
43 53 56 88
32 51 25 64
19 25 84 85
44 52 60 63
34 54 77 84
41 53 76 81
22 46 62 89
8 21 30 45
48 52 24 72
54 56 22 69
55 56 37 70
40 48 25 68
10 46 47 60
39 52 74 80
3 43 4 58
24 34 17 59
33 43 18 84
15 27 25 75
1 22 13 25
15 41 31 90
54 55 45 52
10 29 35 62
55 55 88 90
34 38 56 84
21 36 34 34
43 52 76 78
49 52 37 57
49 49 71 71
41 47 77 77
41 43 63 69
8 36 15 45
30 33 70 70
5 11 61 89
7 48 8 38
14 14 58 87
29 51 31 53
9 26 9 89
52 53 39 74
54 55 15 74
51 56 54 55
37 53 17 73
19 34 80 83
17 52 91 91
13 43 83 86
44 44 8 76
39 49 35 56
11 50 48 57
36 38 70 74
33 50 77 81
44 46 85 90
5 38 29 71
6 23 90 90
21 45 23 30
7 8 32 54
54 54 32 88
17 17 76 77
1 24 16 50
28 38 33 77
23 50 13 68
24 35 47 57
25 45 87 88
23 25 15 49
11 45 1 26
53 56 56 81
46 53 30 83
48 48 28 89
43 51 17 44
1 48 80 89
4 27 25 72
56 56 5 66
13 33 16 53
4 49 80 90
1 29 44 50
15 31 91 91
28 45 80 85
50 50 15 35
52 54 77 77
8 55 23 49
35 40 2 57
53 54 19 75
31 36 31 31
25 48 80 83
23 23 26 70
11 36 69 72
37 38 9 30
28 56 75 89
19 22 70 86
7 43 15 72
5 12 83 90
31 53 12 27
27 48 18 26
18 23 3 87
17 26 65 77
10 44 68 89
2 17 36 63
11 13 68 83
17 28 60 71
52 56 36 64
42 43 49 77
17 39 42 71
11 27 20 89
52 54 24 46
44 49 60 77
45 45 86 90
12 27 66 88
46 53 61 68
39 49 88 88
26 30 75 89
1 43 2 82
31 37 43 80
45 56 31 78
51 56 65 67
51 56 50 56
29 54 54 74
35 36 67 71
19 50 71 91
2 32 48 58
37 50 16 62
39 55 65 76
21 32 12 32
29 35 57 69
40 49 83 86
27 54 76 81
41 45 60 89
40 53 57 88
35 55 88 89
41 51 29 57
36 55 68 82
16 35 57 75
1 6 12 58
45 53 34 39
13 34 38 57
25 49 28 30
43 45 48 65
27 36 87 88
45 52 27 82
3 13 59 80
45 46 49 78
51 56 14 51
45 49 1 19
40 52 61 87
46 56 28 40
41 43 85 91
50 56 49 52
54 55 73 73
19 49 39 75
28 28 55 91
36 55 77 83
17 50 6 33
37 37 25 25
26 27 51 78
19 38 45 60
18 56 2 55
6 8 45 70
18 19 77 80
21 28 55 88
47 47 48 65
13 29 7 73
24 50 81 84
45 45 69 91
47 53 13 86
18 27 58 62
8 47 11 33
26 56 22 78
38 52 44 63
43 50 29 82
30 31 66 68
11 24 20 75
1 53 15 18
47 49 78 83
5 50 32 64
43 48 27 89
51 52 60 81
15 21 21 67
51 56 78 81
48 52 86 91
46 47 76 88
12 28 47 82
55 56 6 74
32 56 35 71
35 48 28 52
9 42 38 82
47 48 52 78
12 16 28 31
35 38 44 56
3 56 72 90
13 38 45 79
33 53 91 91
30 31 51 84
19 39 2 42
17 26 34 82
25 31 38 75
23 27 4 63
29 31 34 65
41 56 86 86
26 29 50 86
41 55 21 63
16 26 4 62
23 31 3 23
30 32 72 76
9 34 34 50
15 23 40 71
5 28 38 48
21 46 56 61
40 51 59 73
31 33 84 87
25 29 71 78
31 41 18 52
27 33 76 87
27 42 81 89
12 28 47 50
51 52 42 73
42 50 80 91
28 52 33 58
46 47 75 75
11 42 80 90
39 40 6 38
10 29 72 91
53 56 47 78
15 41 79 84
24 53 15 83
13 48 43 77
32 53 10 56
27 35 82 85
46 55 7 39
47 56 11 59
5 43 68 90
33 50 11 71
22 29 55 69
46 47 6 77
48 50 26 83
47 51 75 87
8 56 51 67
13 14 61 68
39 52 23 79
37 55 27 44
26 31 8 69
41 47 24 89
53 53 90 90
22 52 57 65
47 56 35 36
26 32 32 61
26 35 58 61
43 51 72 72
48 50 43 52
32 36 31 74
10 15 29 78
21 48 74 86
48 54 46 56
20 37 51 67
31 38 15 33
48 53 10 35
48 56 5 19
1 19 72 83
29 34 51 80
3 18 81 82
11 42 87 87
56 56 91 91
29 53 17 38
53 55 79 89
29 31 16 58
1 12 65 75
54 54 24 37
34 41 84 88
15 30 14 25
33 41 51 87
34 42 64 73
42 52 9 37
41 50 21 51
17 20 34 43
32 54 35 45
26 53 48 68
31 55 48 90
30 38 51 81
12 14 26 26
31 49 69 75
34 38 77 90
1 6 3 13
29 39 78 84
48 55 88 90
33 46 20 41
41 50 23 85
33 51 16 47
23 31 49 80
49 54 25 35
41 43 5 87
24 27 29 39
29 40 54 81
4 17 24 65
13 27 43 84
51 52 58 59
29 55 77 88
47 50 8 18
37 44 25 53
3 46 9 33
41 54 41 44
23 50 73 74
56 56 60 85
25 30 56 64
47 53 12 76
20 31 15 78
4 28 49 55
3 31 43 86
34 36 23 64
12 16 63 85
2 39 3 23
4 56 56 81
1 51 33 58
7 45 72 79
56 56 52 76
11 34 15 18
36 38 42 87
23 43 27 53
40 46 9 48
1 23 69 77
31 46 78 81
16 52 15 28
16 24 5 43
39 40 7 48
22 22 67 81
17 18 51 87
17 46 30 70
48 55 20 50
5 14 25 51
9 22 5 18
37 54 90 90
44 54 28 42
33 49 51 56
2 29 27 53
49 55 12 80
41 49 77 86
13 33 84 88
21 42 66 81
15 24 26 45
35 36 35 61
19 52 16 30
14 45 71 85
22 26 8 53
47 56 89 91
15 40 23 47
5 27 13 75
24 24 50 78
23 38 71 89
40 55 64 83
2 26 46 71
53 55 38 49
11 12 57 70
25 33 60 76
35 44 34 61
27 30 24 55
39 40 58 91
25 43 52 76
7 21 28 66
25 26 61 72
35 53 74 91
16 24 46 83
12 41 29 86
3 46 5 37
6 36 68 90
56 56 14 71
15 44 57 65
22 53 64 81
52 52 19 28
15 53 37 47
2 17 55 82
30 39 29 48
5 33 79 84
48 48 61 87
52 53 8 9
54 55 81 82
28 45 90 90
39 49 67 82
33 43 73 87
43 52 3 36
5 17 14 73
54 55 34 38
13 23 26 30
22 41 56 70
52 53 89 91
50 52 40 88
9 24 76 78
56 56 82 84
50 53 84 88
33 50 80 84
6 10 82 90
26 53 88 91
7 24 91 91
31 52 3 28
40 49 60 82
3 31 58 79
15 22 61 73
14 17 83 88
44 53 86 88
26 35 62 73
24 49 47 89
21 46 80 84
48 56 23 72
49 50 53 58
44 45 25 52
5 21 14 40
21 47 31 90
10 22 38 69
10 11 45 51
1 49 69 80
11 14 66 81
10 19 49 60
56 56 51 51
17 41 35 68
47 54 70 79
11 22 15 49
24 25 46 81
12 33 54 56
50 56 72 75
23 45 79 88
42 47 89 89
55 55 85 85
11 25 60 71
36 43 90 90
54 56 13 31
7 34 45 61
22 44 41 45
55 55 77 91
43 48 59 73
3 55 27 45
52 56 52 62
45 48 90 91
28 32 54 87
3 36 7 59
33 49 86 87
37 46 18 21
34 51 52 66
36 54 4 46
33 36 65 87
24 37 48 50
9 9 53 78
17 47 84 91
2 30 82 84
23 54 2 45
41 41 15 41
30 41 89 89
50 51 67 79
48 50 59 90
17 37 35 89
19 49 36 57
29 44 72 81
11 53 71 86
45 45 88 90
53 53 51 69
39 51 76 79
42 42 80 85
23 43 27 65
8 42 64 85
52 56 54 78
16 52 69 86
25 54 61 87
32 53 47 59
32 50 4 29
49 56 9 83
20 55 22 37
51 53 8 64
10 37 69 86
39 42 48 74
55 56 32 53
47 53 71 75
25 25 70 88
9 35 77 90
54 56 52 86
52 56 41 84
34 53 36 45
50 55 83 88
33 44 89 91
24 49 57 89
25 38 60 70
4 16 64 83
35 37 25 75
42 42 4 30
30 56 62 83
39 45 88 91
37 46 12 40
3 36 7 77
13 44 54 55
8 55 6 31
22 36 28 53
27 39 52 72
55 56 47 51
34 47 36 46
25 25 4 44
25 40 52 85
15 42 2 45
50 54 7 44
9 26 20 86
32 32 39 85
46 47 51 73
8 42 11 60
49 54 73 85
39 41 76 84
34 37 50 64
46 49 81 83
11 56 3 56
34 35 21 59
56 56 29 71
36 39 9 89
40 51 80 82
40 46 7 56
41 54 64 68
45 46 6 56
47 47 31 77
29 38 54 64
6 52 55 76
8 49 41 59
50 50 79 79
1 42 31 42
47 53 3 6
35 48 31 54
28 54 66 86
51 54 17 72
13 19 23 49
36 39 70 83
8 46 43 87
41 54 20 27
8 18 35 72
47 48 52 70
52 56 30 56
43 45 90 90
54 55 3 63
31 50 67 72
45 56 68 83
52 55 64 81
36 49 43 70
49 51 89 89
38 50 70 81
20 38 72 76
39 46 74 83
21 29 85 86
4 52 58 74
3 48 32 32
2 21 63 80
18 21 50 78
46 51 20 62
15 36 3 62
9 29 3 55
38 40 89 90
11 48 61 64
44 44 66 68
48 54 18 79
30 56 75 85
1 55 76 78
55 56 72 89
17 32 33 61
18 30 74 81
14 16 91 91
54 55 91 91
51 51 16 44
26 37 75 83
36 44 29 80
18 52 5 32
15 19 59 73
49 52 31 79
47 53 55 58
53 56 80 88
56 56 37 79
43 43 24 58
22 31 75 76
29 44 28 80
40 48 8 23
22 44 20 53
20 49 77 77
5 46 69 80
44 51 12 50
6 28 5 22
51 53 5 89
14 49 19 82
20 44 63 65
17 52 91 91
16 19 14 67
28 56 12 66
1 43 3 56
40 47 88 88
49 53 64 70
5 31 66 82
46 48 84 88
34 55 40 91
43 48 5 75
6 22 20 60
52 55 55 90
16 22 57 80
11 21 87 90
6 54 31 63
35 38 61 77
25 25 10 13
32 48 39 81
49 54 82 82
52 54 60 69
1 7 68 76
27 48 43 69
45 56 55 90
30 38 38 77
38 49 19 69
7 14 90 91
21 45 77 87
27 40 18 80
53 55 51 75
45 51 43 74
14 16 83 84
4 56 60 71
51 53 61 83
50 55 2 52
29 39 87 90
23 41 38 38
31 55 50 51
40 52 7 21
26 56 49 82
20 53 58 85
39 55 47 80
1 13 38 58
33 46 86 87
8 16 6 47
32 33 37 88
22 56 88 88
4 23 83 90
8 12 19 25
55 55 40 89
9 14 79 89
29 55 28 34
31 51 85 87
5 6 24 53
15 38 23 27
11 42 12 88
6 39 9 82
46 46 56 61
37 38 37 56
24 52 42 72
43 52 68 68
48 54 13 43
37 48 52 70
35 47 70 91
23 56 25 63
18 26 77 79
45 49 12 33
20 22 13 53
25 46 15 32
51 55 63 66
43 52 44 58
8 18 80 85
29 29 62 82
49 51 78 80
31 43 21 21
15 53 2 66
6 6 12 73
20 33 11 70
54 56 9 15
14 18 23 90
11 55 11 52
33 44 83 89
17 17 17 38
23 41 62 75
48 55 35 60
28 35 41 64
14 53 83 87
3 3 2 86
51 52 46 89
3 22 57 82
5 48 27 44
42 50 65 78
21 38 29 67
7 31 85 87
1 13 88 89
18 26 33 64
14 29 19 72
10 21 10 55
50 55 39 91
43 44 13 17
52 54 1 84
10 52 77 77
56 56 17 40
55 56 50 91
47 53 77 88
31 36 22 78
15 18 1 8
27 42 7 31
54 54 50 67
24 24 32 49
30 50 6 65
43 45 22 25
21 39 10 65
43 53 30 32
13 32 25 74
42 56 55 78
40 45 53 78
43 45 73 73
4 32 41 74
56 56 2 62
47 53 4 86
13 38 80 89
18 20 67 88
41 42 88 88
6 35 10 45
19 25 17 34
49 55 67 72
48 51 11 16
8 10 38 78
4 28 67 91
1 24 90 91
39 50 85 91
56 56 55 65
14 35 72 86
2 26 16 35
39 51 47 86
50 51 39 70
17 50 38 45
19 40 59 90
1 47 44 54
28 40 22 73
21 47 21 50
39 56 53 87
43 50 14 66
27 28 59 85
22 23 64 81
40 46 58 83
27 38 62 74
45 47 48 65
24 34 60 83
32 52 11 12
1 47 48 78
17 40 17 48
51 52 41 59
2 31 60 88
44 48 79 84
54 54 3 54
15 22 17 33
35 52 43 50
18 53 36 83
22 27 14 46
24 48 65 72
7 14 89 91
16 17 1 14
9 31 50 50
31 40 58 76
8 21 17 50
45 55 79 90
10 46 28 31
47 51 7 74
14 23 32 87
4 44 37 67
5 50 30 82
28 53 46 74
51 53 32 40
30 38 59 90
32 50 2 44
42 47 23 65
5 52 34 41
11 35 50 76
38 53 58 90
2 52 15 88
40 53 35 35
25 32 54 63
12 35 42 73
11 49 82 90
41 46 78 83
11 33 30 81
53 54 58 71
2 12 32 60
5 17 21 38
22 34 39 42
4 56 90 90
34 49 67 69
9 28 63 82
49 55 35 68
15 36 32 48
1 41 77 81
17 55 63 79
35 47 78 78
12 40 83 83
56 56 80 84
42 44 69 74
19 44 70 75
39 48 5 56
51 54 44 46
33 46 5 43
23 42 73 81
52 53 30 72
27 33 37 60
12 13 20 83
12 52 79 81
42 51 72 84
7 24 29 34
39 40 89 91
50 50 82 84
51 56 39 61
50 56 22 36
40 52 91 91
14 25 51 53
14 34 15 54
53 53 14 40
27 35 54 80
18 43 32 87
51 51 72 76
46 54 20 83
9 12 50 64
56 56 54 74
30 51 42 80
4 17 18 31
6 21 82 87
20 42 80 85
28 44 18 59
43 48 39 65
50 50 75 75
51 52 24 29
52 54 82 87
24 50 4 50
3 23 34 55
43 49 5 25
4 8 42 82
36 42 72 87
29 50 47 55
32 45 27 31
17 40 22 78
17 54 85 87
46 55 76 81
18 53 73 83
16 23 64 72
25 54 85 85
2 21 56 86
10 33 91 91
7 27 49 81
36 53 14 42
28 52 54 80
51 52 18 59
26 52 66 75
12 26 24 79
9 36 7 44
24 53 64 90
31 48 22 72
38 40 72 86
48 50 70 85
54 56 42 74
26 53 63 87
15 43 27 85
2 42 79 84
23 39 34 71
53 55 45 51
38 55 63 79
31 32 89 89
6 7 24 79
42 47 10 57
37 53 23 63
53 53 20 52
54 54 48 66
24 52 65 85
7 53 62 62
34 37 16 58
56 56 25 51
36 49 89 90
49 56 83 87
32 55 7 26
9 52 35 70
52 55 31 45
55 56 1 21
10 45 70 83
32 39 81 82
52 54 23 29
42 50 64 89
17 48 82 85
4 7 26 49
14 30 89 91
16 55 9 11
29 53 90 91
17 27 26 42
33 38 43 52
42 43 1 27
46 48 56 75
46 46 30 57
32 47 58 72
2 19 43 56
13 24 48 62
55 56 63 67
51 56 69 71
21 27 76 78
56 56 82 84
46 49 25 56
9 54 30 82
11 36 3 12
41 46 39 40
31 51 87 87
45 51 89 90
51 53 50 53
1 34 60 63
17 18 65 68
8 43 79 83
4 30 39 80
2 39 13 74
14 23 23 70
15 44 13 61
19 34 4 85
40 42 71 91
5 7 40 86
49 56 83 85
50 55 80 85
41 46 89 89
55 56 16 26
16 43 15 15
34 42 6 43
11 46 10 37
36 53 13 73
12 30 29 46
36 55 4 44
9 55 61 71
2 7 89 91
45 46 65 89
55 55 72 73
40 40 67 74
15 52 26 58
16 43 60 72
7 56 29 68
1 34 24 38
51 54 10 28
4 9 42 76
50 53 62 62
45 52 43 84
39 46 23 82
21 52 4 62
19 42 22 23
55 55 22 67
29 33 1 32
12 53 44 90
43 53 49 68
32 44 52 61
47 47 71 77
6 20 16 77
55 55 23 81
43 56 84 91
28 44 10 42
55 56 87 91
20 31 82 83
22 23 71 86
44 45 54 84
49 52 63 72
22 38 57 78
20 40 3 91
54 54 14 57
46 49 7 79
4 4 55 59
39 47 49 75
6 40 26 87
30 34 62 84
31 42 63 77
27 46 54 68
19 44 60 81
12 32 25 48
43 45 56 90
11 32 46 55
20 37 49 60
16 35 46 50
23 26 31 39
18 44 6 69
27 49 69 72
10 32 58 62
39 45 12 79
7 19 25 56
47 53 41 89
52 56 78 86
31 42 61 75
34 38 66 91
8 10 19 46
4 34 51 72
39 54 84 85
52 55 39 75
35 49 20 61
10 55 10 90
54 55 3 76
41 52 22 71
31 43 60 90
38 44 67 72
36 38 85 88
4 38 65 74
49 56 7 31
24 50 74 79
5 5 14 56
16 50 52 78
22 32 15 61
28 47 27 90
10 36 10 23
15 16 54 71
15 34 36 44
39 44 50 82
13 17 63 76
47 51 11 61
47 48 2 14
18 55 25 85
38 49 42 54
37 42 88 91
47 48 9 68
38 46 87 89
8 39 84 91
50 53 3 44
1 32 67 82
51 53 25 75
23 23 44 67
35 53 17 89
56 56 33 87
19 39 7 34
42 52 59 89
6 37 83 87
38 53 30 80
14 42 36 71
3 20 61 74
29 45 25 82
43 55 40 48
23 35 82 85
21 48 46 68
45 47 55 89
56 56 78 79
38 52 42 83
20 46 34 55
46 49 41 54
19 41 81 88
27 47 14 18
55 56 34 61
39 52 33 89
48 56 19 40
29 32 35 35
8 56 83 88
28 56 79 80
44 49 84 85
6 6 36 68
42 55 9 35
52 55 22 57
5 29 9 80
49 50 84 88
25 55 83 91
35 50 54 67
10 27 9 57
10 40 27 44
54 55 42 57
14 45 60 86
13 27 35 65
38 48 52 56
4 47 81 90
14 23 80 87
41 56 18 38
40 54 19 34
6 48 38 38
29 36 28 87
22 40 52 89
53 55 68 87
12 17 7 81
29 46 61 83
26 56 35 58
38 48 90 91
4 21 47 85
26 44 27 54
22 35 54 75
24 54 22 23
24 45 48 71
55 55 27 85
47 50 56 71
14 45 4 62
52 55 60 64
38 46 42 74
7 49 77 79
17 18 82 91
51 55 44 69
17 56 48 74
49 49 27 33
9 48 57 73
32 32 4 16
46 55 5 85
15 28 42 88
18 56 50 53
48 48 82 87
2 35 72 81
21 42 16 49
26 48 39 56
52 52 34 70
7 23 52 60
8 39 75 84
2 10 18 53
14 53 33 64
44 49 61 74
25 46 44 51
22 34 34 53
14 53 32 54
10 48 79 89
48 49 36 88
22 39 39 61
42 52 10 64
31 42 62 70
18 52 36 50
30 43 60 91
41 53 35 47
45 53 53 79
40 50 62 82
29 52 13 24
56 56 38 46
21 29 21 43
15 52 53 88
18 45 10 33
14 48 47 54
24 35 64 75
47 49 51 63
44 50 42 57
52 56 19 87
10 44 78 81
56 56 21 58
37 47 62 63
30 51 63 86
28 34 44 49
6 14 69 72
6 15 81 91
36 53 73 86
47 53 71 78
5 33 10 20
47 48 29 51
27 51 18 21
13 26 48 49
14 43 63 72
27 32 75 84
13 53 10 27
37 45 54 63
44 46 91 91
42 42 89 89
41 50 34 86
33 45 17 76
15 33 42 86
45 53 12 58
4 37 85 91
48 54 29 37
56 56 34 48
17 55 89 91
27 49 56 85
32 48 15 60
6 24 9 44
50 52 17 88
12 44 47 68
30 45 52 54
37 37 23 62
6 22 47 81
34 49 47 91
35 44 37 82
28 44 15 67
47 51 89 89
10 17 42 55
40 41 13 91
6 28 36 86
19 38 46 50
55 55 39 39
27 46 20 86
7 34 44 71
30 42 56 79
47 48 69 75
44 51 63 72
55 56 63 75
2 47 57 83
56 56 8 83
2 5 57 71
3 43 14 50
25 30 83 89
35 44 14 71
1 29 69 82
8 33 75 79
21 34 57 64
30 45 59 65
38 54 90 90
18 25 81 87
39 50 41 68
2 45 69 70
28 33 3 26
3 43 11 65
28 37 83 90
50 55 78 83
41 41 85 87
49 53 45 83
22 41 60 62
18 48 75 87
13 24 73 76
10 13 72 80
20 40 28 41
14 35 48 71
11 31 34 62
37 39 58 78
5 8 26 77
25 55 84 89
27 50 68 88
47 54 25 40
48 49 15 33
8 12 27 47
44 51 89 90
8 46 84 86
40 44 8 13
16 54 19 78
25 35 83 84
12 56 81 90
22 45 58 88
22 47 46 48
6 19 68 86
44 46 13 51
28 55 70 70
4 7 4 71
56 56 87 88
34 52 70 70
23 30 24 63
5 49 46 56
8 44 80 86
3 5 74 90
21 28 14 33
8 18 79 79
54 55 60 68
51 51 91 91
23 23 69 82
2 26 6 15
4 6 83 90
32 39 84 85
25 51 56 90
48 54 21 28
19 33 61 83
29 32 2 45
6 16 7 88
14 48 10 66
9 33 8 64
23 41 2 44
48 52 71 80
47 54 13 31
1 40 42 54
11 12 25 82
46 54 68 76
45 49 61 85
6 35 88 88
49 55 41 58
46 52 41 75
24 49 67 68
30 44 61 61
24 49 12 85
12 48 36 63
53 56 12 63
22 54 30 86
15 32 78 78
50 56 71 74
19 37 1 61
19 47 43 44
51 56 91 91
9 15 52 70
22 52 61 71
10 46 22 87
8 27 3 26
33 52 65 66
39 51 90 91
56 56 41 75
21 39 71 90
53 56 73 85
53 54 88 91
9 26 45 83
34 52 82 85
5 42 65 84
11 38 1 15
51 56 45 57
29 29 44 89
41 49 83 89
18 29 18 56
49 56 17 85
3 31 73 88
23 45 56 63
31 43 34 68
8 20 10 19
20 54 14 73
9 27 52 87
11 39 21 66
12 36 52 52
56 56 1 9
32 35 79 80
15 28 12 69
30 54 80 88
39 41 2 41
19 47 13 28
32 53 7 9
4 42 24 31
14 28 48 70
16 27 88 91
29 56 20 54
6 43 21 22
52 56 80 90
54 56 60 81
21 27 60 74
24 49 47 69
15 21 12 50
36 40 10 82
22 34 70 87
33 56 39 65
2 41 69 82
46 46 19 23
13 18 66 90
30 48 82 83
49 56 55 56
14 48 15 64
19 19 63 73
21 44 75 87
50 51 76 77
23 38 43 52
34 54 8 21
24 28 15 22
5 9 26 63
26 35 75 75
52 56 52 82
32 38 31 84
40 40 54 85
47 49 49 70
8 46 8 16
37 56 33 66
19 38 80 88
56 56 5 78
42 49 61 81
23 47 21 79
52 53 17 32
5 49 84 89
9 41 26 91
15 38 16 76
42 55 38 73
38 53 72 72
34 55 34 54
46 53 6 24
6 18 11 24
22 28 85 91
32 35 44 67
4 44 58 73
51 54 57 80
31 43 76 82
1 38 62 82
20 46 91 91
15 56 15 45
50 55 19 79
54 55 81 81
5 55 82 84
39 45 32 77
7 45 9 52
54 54 10 87
11 25 22 71
25 49 45 77
33 46 46 59
50 50 54 79
18 32 37 71
24 54 39 70
53 55 90 91
40 41 70 75
36 47 74 88
19 56 8 49
32 34 73 74
25 36 27 73
40 49 25 28
15 22 58 88
22 45 8 47
9 28 65 67
37 46 52 76
28 33 34 84
17 23 50 81
10 26 26 38
26 36 81 82
49 49 5 75
44 53 13 45
13 56 44 46
41 47 37 88
24 44 15 51
25 45 28 38
3 55 55 57
23 51 71 77
17 28 47 75
33 52 18 74
34 46 1 82
56 56 71 86
12 38 72 72
40 42 43 81
51 54 52 91
46 53 70 84
7 7 40 86
3 42 5 61
34 41 61 88
36 37 41 65
17 33 45 84
3 46 37 65
53 54 42 52
24 51 29 89
47 55 73 80
52 53 84 88
30 51 59 70
25 45 43 82
24 42 8 69
4 10 63 85
34 44 46 81
31 31 12 89
30 55 44 91
34 41 38 79
1 52 44 60
41 52 41 70
53 56 80 80
43 48 67 82
37 40 4 78
42 44 8 15
