233 29 375
359 608 219 898 58 894 286 37 369 191 229 96 755 515 728 186 858 658 534 790 991 968 788 458 448 669 158 607 65
651 724 607 67 295 997 907 784 702 315 202 247 627 153 559 53 556 520 965 109 591 748 981 49 255 423 65 170 888
139 641 732 42 24 196 304 179 727 494 676 998 655 542 501 937 758 45 465 753 105 937 269 577 824 11 127 531 712
820 794 799 962 772 367 55 21 803 231 248 544 80 562 76 764 949 726 912 379 735 781 548 243 77 42 900 697 170
298 724 408 689 902 478 950 170 347 681 171 337 402 529 602 169 104 52 773 533 125 814 329 840 139 987 246 503 795
691 315 927 819 598 265 404 614 181 560 541 401 430 959 807 619 521 378 353 812 702 459 533 685 611 520 417 347 363
251 197 39 985 579 561 769 209 632 4 388 212 628 563 561 602 808 662 35 869 240 567 310 539 450 481 595 471 335
440 463 112 752 982 162 17 522 39 942 613 288 614 59 37 866 583 366 808 228 403 517 290 249 594 844 151 702 609
912 499 752 113 614 963 378 742 410 779 749 148 979 825 540 489 137 646 611 554 303 739 222 417 246 749 221 818 47
783 205 514 482 724 714 440 79 324 920 898 114 820 117 874 758 27 557 293 347 171 817 235 520 187 939 88 578 890
40 235 951 167 957 64 110 345 753 42 606 940 609 130 180 295 673 30 32 25 964 643 426 746 309 625 763 319 577
138 148 707 213 698 252 610 172 565 975 213 860 223 994 777 648 353 812 271 838 142 316 956 686 887 166 624 276 664
587 189 534 229 226 477 681 433 819 322 754 170 304 573 606 289 913 174 985 938 499 276 838 570 24 251 32 145 707
541 19 166 798 520 818 810 327 930 880 783 459 3 5 539 287 55 521 115 984 237 345 187 244 102 395 894 859 838
41 594 82 330 945 21 161 712 691 216 64 682 48 222 930 673 598 749 249 910 706 962 99 484 507 57 46 856 656
544 450 600 71 5 11 785 822 628 343 125 580 20 254 908 787 605 202 759 786 460 65 503 713 545 1 742 834 132
631 263 378 677 236 87 639 527 944 774 266 597 116 589 228 624 277 269 871 673 970 421 874 321 834 50 664 350 107
291 48 847 435 216 368 307 610 470 514 725 356 606 496 682 809 182 94 115 683 91 307 810 419 143 929 633 794 605
623 201 581 258 261 966 834 577 160 689 301 751 56 866 290 644 327 980 6 244 13 361 44 788 643 46 233 561 753
263 492 304 218 78 665 268 253 298 624 235 955 942 16 222 808 453 153 169 419 371 498 655 91 359 64 544 529 313
863 548 90 799 202 852 514 183 248 332 999 676 757 399 804 937 323 169 337 15 756 494 773 211 480 347 866 833 937
234 524 950 32 545 99 966 599 262 135 260 693 999 448 180 318 155 42 419 796 836 321 139 613 328 477 272 4 84
708 86 947 605 159 456 506 147 68 288 670 843 635 161 918 749 554 608 758 267 972 392 393 626 897 760 479 393 707
940 679 472 472 94 333 702 245 497 101 933 376 993 889 444 120 661 710 638 549 203 376 229 802 749 103 565 244 692
150 284 969 649 621 240 399 859 388 542 433 160 946 551 715 180 633 938 123 532 311 193 475 625 51 564 827 148 826
7 430 422 504 586 600 582 650 752 277 5 819 44 21 459 1000 52 551 229 854 962 720 851 237 559 962 174 220 382
865 145 519 593 500 137 793 239 513 608 747 783 837 627 355 205 17 87 810 469 842 459 992 909 910 576 355 895 255
264 114 173 943 574 574 458 816 16 191 149 196 475 746 536 406 390 597 525 449 425 526 653 4 43 152 168 232 358
207 17 495 149 237 866 226 174 463 691 651 767 585 56 954 255 293 915 819 878 134 687 919 792 164 356 125 168 517
608 635 612 588 297 242 893 96 128 209 472 624 40 25 409 622 645 415 34 38 45 560 192 890 479 421 955 118 564
432 444 16 320 607 829 369 804 260 595 188 916 146 913 597 872 802 308 998 913 268 854 90 39 177 799 737 977 391
880 920 78 9 568 250 610 542 152 572 704 541 865 223 279 737 236 412 383 25 468 5 780 266 907 716 26 926 629
349 966 26 739 259 350 757 234 655 231 361 185 696 903 584 542 614 407 63 109 230 50 511 65 329 958 471 979 291
414 681 428 307 620 837 164 238 563 617 293 921 879 390 63 293 943 924 675 202 939 767 5 225 346 688 228 84 60
749 136 499 414 84 350 460 426 460 752 888 966 29 167 665 928 475 773 790 146 910 740 241 509 494 333 727 692 690
85 115 969 521 674 782 811 947 814 525 367 718 819 934 456 655 505 344 421 360 716 568 14 734 118 630 550 571 818
608 671 694 39 538 448 758 306 40 982 910 593 949 339 927 409 803 414 338 102 431 308 306 529 286 869 708 816 390
344 946 134 916 479 514 311 535 6 229 607 583 170 341 171 14 837 459 541 890 782 321 52 828 937 962 149 455 753
792 443 399 329 366 776 769 640 441 724 397 16 996 707 330 1 488 338 191 877 550 723 68 403 712 164 538 794 491
131 265 570 375 431 375 643 819 199 488 959 331 739 818 71 163 229 260 257 886 37 749 173 358 700 454 596 204 623
584 487 938 217 657 484 302 510 103 932 212 193 988 731 949 741 440 607 873 487 110 895 9 466 610 565 276 462 418
998 33 897 175 992 854 153 652 563 150 433 920 400 313 510 413 203 559 574 647 760 554 924 328 318 171 426 459 694
488 499 850 641 199 905 129 137 169 755 925 676 760 948 443 109 926 752 23 276 766 330 607 488 417 810 271 896 683
917 93 932 781 303 668 285 934 421 539 346 312 226 628 637 12 19 556 532 334 494 336 466 603 384 568 925 202 175
657 736 253 988 36 554 604 127 585 5 409 741 693 623 584 727 470 600 858 307 635 355 980 666 513 112 875 679 400
6 178 12 264 704 642 839 390 171 377 988 118 19 711 588 244 795 781 190 36 708 592 885 33 530 402 185 993 836
752 262 392 325 385 711 880 691 566 164 943 400 51 920 852 776 50 281 626 2 64 388 366 985 390 219 813 574 416
831 387 245 602 72 294 248 135 757 504 139 849 753 524 795 918 483 956 285 228 139 727 431 84 252 782 482 76 386
725 121 554 380 609 895 91 975 609 283 760 668 797 809 827 340 614 23 669 514 939 701 358 145 804 311 349 437 958
674 160 551 440 728 745 981 269 498 517 49 141 690 604 192 779 800 1 702 197 291 707 134 670 155 824 858 655 150
853 143 248 103 111 690 33 920 253 791 309 377 405 125 785 346 275 746 783 824 941 8 868 21 702 1 635 838 500
574 34 223 943 177 264 279 888 563 711 498 859 848 888 175 346 565 576 861 140 107 653 721 438 414 192 779 403 818
451 338 215 733 327 315 442 274 694 817 715 938 797 87 295 206 523 817 87 304 975 939 72 360 195 234 909 918 308
450 699 85 633 217 472 587 462 704 22 665 386 841 113 64 959 940 931 314 477 711 875 138 423 995 447 85 875 25
48 452 787 665 924 107 599 846 407 106 86 406 825 891 666 622 178 395 696 987 710 644 393 214 42 252 126 18 392
803 775 952 731 236 734 481 424 243 941 491 12 141 978 664 338 873 917 481 106 566 64 139 328 572 185 333 854 15
104 687 282 665 785 584 172 373 152 302 357 418 930 641 596 835 722 682 511 231 402 928 973 612 660 839 675 508 176
686 594 9 484 732 487 398 60 971 319 701 543 60 762 874 286 597 504 284 623 621 130 846 340 62 767 445 855 866
513 276 483 712 907 321 42 551 365 494 717 670 513 887 765 641 861 174 183 298 78 447 878 833 442 682 235 213 660
577 272 380 415 745 656 124 392 76 1 75 518 655 785 10 393 779 139 559 624 460 520 410 882 310 994 353 23 851
444 841 541 93 521 234 950 705 567 623 438 220 69 877 280 484 409 617 42 6 808 889 575 956 425 655 155 294 457
638 904 933 7 677 792 874 177 517 114 1 545 850 319 566 740 544 469 428 293 180 398 822 340 437 854 722 25 398
540 919 652 554 941 541 722 125 317 74 14 358 16 912 766 598 533 68 831 285 384 970 408 475 901 208 584 170 526
662 456 476 39 712 30 619 435 137 467 901 821 839 485 981 815 779 891 271 393 366 283 797 49 71 937 633 402 221
781 892 137 774 124 283 236 370 529 491 9 105 781 932 338 285 456 4 901 886 951 586 870 569 196 380 714 864 476
664 312 590 914 172 530 662 220 103 760 173 239 703 726 62 682 500 7 716 182 990 333 591 486 539 680 291 134 303
598 594 488 222 8 567 321 520 900 283 482 691 1000 641 329 660 462 430 749 641 104 106 546 252 519 703 935 606 626
936 658 414 891 813 997 632 483 23 548 812 105 956 206 111 73 447 206 872 529 251 441 784 319 814 532 900 156 117
269 205 192 237 129 7 995 819 543 156 255 800 454 971 225 618 513 813 38 579 941 445 548 253 679 654 283 563 965
149 411 687 885 403 380 41 746 936 28 352 381 514 515 308 571 888 372 328 857 969 362 752 936 821 567 173 664 410
348 661 486 863 356 362 736 874 802 343 842 979 565 535 930 657 531 374 707 604 750 18 791 58 638 64 842 768 438
318 958 47 614 477 785 365 653 563 725 108 21 575 428 452 638 66 474 784 304 338 807 734 963 503 976 694 547 914
728 617 435 387 805 38 208 162 85 482 489 813 342 865 142 142 987 74 982 660 112 615 471 406 53 145 577 734 449
712 79 159 501 752 130 535 710 231 812 626 870 851 760 615 546 890 654 205 517 80 534 741 960 911 454 246 228 881
927 304 131 504 993 525 576 351 510 692 260 992 443 757 870 469 507 589 911 863 517 721 827 586 177 388 598 245 870
836 316 342 180 198 592 594 537 270 791 374 355 131 203 605 478 899 289 495 598 842 7 615 507 726 80 206 742 523
771 21 177 567 360 708 638 807 64 480 412 93 580 799 855 284 773 912 936 573 288 300 663 606 41 579 805 874 585
908 247 355 343 745 586 583 572 620 307 172 700 709 988 299 390 119 485 812 260 214 4 451 716 775 282 112 743 502
838 222 842 140 403 73 492 546 204 391 686 102 699 499 93 217 772 204 349 74 126 917 842 411 814 583 92 874 415
726 508 402 367 264 839 184 356 788 162 947 447 700 564 741 893 906 33 908 118 804 188 643 437 915 656 403 475 864
839 421 88 323 776 776 836 219 592 775 683 724 764 886 687 524 56 113 848 433 523 486 201 677 408 284 479 52 126
731 350 763 758 162 332 920 677 60 952 570 941 966 645 663 127 981 159 529 102 457 958 294 39 542 225 152 698 421
582 568 534 476 583 295 768 66 360 554 914 331 534 844 592 240 676 636 697 61 110 636 91 609 867 384 48 883 896
717 605 187 474 19 850 402 878 245 882 874 6 416 903 273 602 652 413 874 136 865 984 925 208 863 469 168 521 32
762 119 131 678 455 410 648 841 804 353 527 641 440 905 410 225 161 378 713 977 978 556 308 954 269 370 190 428 591
934 485 6 160 493 29 75 518 852 986 171 213 895 690 478 590 105 950 863 942 410 560 704 359 247 642 338 549 461
769 95 832 576 499 770 244 963 83 839 429 702 629 909 555 219 921 691 21 350 430 251 125 108 805 413 171 295 252
965 739 48 787 777 940 564 287 988 556 539 649 205 858 309 104 40 793 280 948 379 943 998 511 483 353 147 177 408
869 803 668 247 121 538 615 379 644 343 620 275 935 863 661 371 426 179 691 201 454 192 702 280 319 689 398 201 419
345 805 12 284 236 826 249 47 918 809 901 512 762 619 209 539 43 596 414 878 208 45 495 952 880 591 493 347 398
773 228 907 120 815 94 427 293 321 131 885 21 16 784 52 749 324 581 98 737 687 446 498 174 74 562 162 968 33
451 188 737 981 450 74 201 170 862 523 18 901 841 224 51 120 511 77 237 494 899 432 482 397 27 779 475 55 895
246 931 234 147 953 506 464 938 992 584 758 894 315 161 214 60 320 350 653 453 303 344 674 146 213 284 127 827 345
122 7 408 729 484 214 606 930 497 444 338 937 737 734 428 598 798 809 387 798 420 443 968 211 797 498 787 977 442
183 535 116 971 316 250 826 235 84 609 69 541 860 494 22 67 112 898 21 193 377 791 604 196 519 754 150 609 257
15 387 641 998 25 729 219 604 879 12 573 581 666 708 815 553 329 87 615 606 715 126 911 251 295 200 561 267 441
696 6 698 265 746 276 588 758 204 141 854 372 850 819 840 241 562 390 696 976 838 28 718 311 645 182 154 925 20
120 828 443 258 606 94 965 759 41 277 454 869 79 779 998 70 618 422 224 948 35 486 159 233 756 82 420 40 519
197 898 168 221 756 59 932 843 545 541 546 759 657 996 523 681 445 34 886 587 598 657 269 267 69 821 119 515 53
612 303 578 120 64 366 224 920 816 611 642 545 671 905 466 806 592 858 389 145 830 579 210 873 705 745 656 735 3
123 994 548 88 994 274 798 603 158 22 654 72 339 353 785 794 824 745 754 188 128 182 519 128 317 981 764 880 396
372 345 976 786 815 138 705 538 146 979 963 356 811 166 864 918 920 217 859 245 306 197 129 64 563 926 630 234 805
831 517 272 989 17 621 953 737 388 271 768 969 290 55 744 112 187 4 766 310 360 334 75 824 465 69 50 797 69
817 751 636 954 496 933 540 63 56 409 118 447 78 720 622 476 693 27 41 878 433 20 194 865 460 449 15 738 132
535 403 861 10 156 379 860 214 184 812 173 521 769 619 889 685 677 199 901 288 30 827 978 813 896 867 319 754 245
976 508 324 707 890 555 694 424 33 903 813 53 905 847 501 612 166 807 959 460 373 297 790 150 585 212 379 294 431
307 768 844 764 302 193 408 751 110 84 297 85 92 647 25 28 81 113 875 157 150 360 975 13 756 882 54 338 943
40 653 217 721 89 144 230 638 744 308 697 814 940 607 159 370 13 522 553 305 731 482 916 313 474 7 46 982 418
631 284 76 723 61 464 320 598 821 103 251 593 316 149 159 635 851 908 141 121 635 318 560 867 240 408 982 803 262
572 784 120 193 319 207 975 607 245 541 972 844 319 550 386 259 978 960 474 15 161 47 315 105 177 941 301 971 191
223 800 663 230 827 520 921 804 33 809 992 645 555 440 237 611 342 453 791 492 728 262 653 321 1 553 554 802 275
464 904 627 822 152 891 808 626 146 570 592 2 804 382 187 580 788 91 335 791 725 570 677 295 117 208 6 460 125
969 734 59 61 308 338 876 322 183 111 792 976 418 291 214 457 515 508 439 614 827 558 636 891 673 686 680 543 591
946 959 628 431 689 644 959 384 918 635 330 372 75 535 118 463 791 580 774 60 287 368 834 710 387 660 813 263 577
216 743 2 131 882 193 96 104 669 309 399 886 590 792 185 128 406 762 877 30 217 124 219 421 80 432 607 556 401
181 513 303 921 188 10 203 498 953 429 941 745 932 78 897 819 205 782 808 293 365 706 17 113 339 589 451 70 471
8 257 120 433 773 954 118 435 874 105 233 773 682 740 393 947 238 199 572 483 554 626 673 101 817 99 17 58 263
242 177 346 281 221 18 907 985 240 310 195 119 972 204 218 630 922 222 649 677 343 115 744 166 180 106 546 101 489
605 328 191 904 394 286 187 55 701 258 359 236 300 647 365 281 991 778 547 334 372 641 311 136 821 344 850 519 982
624 922 26 872 452 781 976 925 112 645 823 893 117 286 370 565 8 397 245 671 344 443 58 191 213 564 856 511 168
950 758 518 801 819 206 794 90 762 846 496 240 743 878 406 4 510 661 875 352 493 456 93 932 542 461 174 973 3
703 41 160 713 941 7 524 453 446 227 604 285 433 918 940 998 946 354 486 545 206 169 673 998 785 409 650 12 494
146 725 226 514 148 113 339 157 313 915 810 604 61 659 285 110 889 834 875 462 620 590 348 926 673 205 151 525 849
932 951 247 696 600 3 714 538 704 269 903 619 712 649 755 624 71 80 882 61 656 544 146 567 465 231 549 277 992
159 784 752 1 615 748 865 437 658 529 228 780 732 699 424 465 207 205 335 905 233 815 344 255 895 842 12 291 38
852 150 697 521 137 841 601 902 17 74 409 712 442 135 896 538 951 789 974 140 769 607 826 659 709 471 853 801 600
434 442 557 149 620 681 605 515 757 965 81 367 316 909 768 901 918 97 122 67 836 984 733 282 1000 693 976 26 801
543 629 7 446 895 192 34 290 310 474 353 831 44 773 955 587 674 649 280 70 959 838 821 495 127 346 379 625 413
118 70 386 50 4 772 506 895 884 362 413 528 958 988 118 976 186 586 568 167 785 79 257 871 504 964 498 114 110
508 797 37 187 408 274 736 824 556 884 862 276 499 515 674 981 300 671 809 593 760 564 210 855 394 910 575 193 95
629 176 887 206 941 107 560 552 72 850 516 61 882 552 134 803 263 547 137 611 71 480 65 981 688 857 668 612 65
947 282 767 221 760 460 617 740 258 247 882 755 37 556 355 293 474 15 366 591 724 515 829 204 34 454 301 292 532
304 381 453 40 740 858 903 468 990 261 541 64 497 825 726 92 229 462 123 544 189 4 70 131 773 844 294 100 619
129 655 403 504 809 844 363 675 183 593 252 714 58 11 140 655 281 124 963 639 191 551 1000 802 495 532 856 463 172
175 613 914 275 918 12 303 925 634 422 130 355 752 852 894 596 35 485 264 301 385 9 974 221 152 562 302 70 939
217 607 852 823 788 916 259 265 160 922 391 689 505 123 906 877 495 19 653 873 85 429 10 51 503 22 432 356 844
101 149 508 83 525 594 133 346 407 860 360 32 903 454 434 716 942 645 248 831 254 965 564 763 417 789 831 386 927
490 166 14 501 335 82 435 902 168 948 984 604 915 33 577 498 155 192 266 692 276 924 130 143 250 576 272 517 697
907 275 207 679 126 706 857 649 751 190 125 55 339 99 643 375 212 141 305 792 781 3 85 259 996 722 553 477 712
649 145 151 498 714 13 984 535 180 997 21 726 265 847 341 129 766 310 605 106 344 157 621 348 202 484 929 77 689
882 385 261 811 201 852 667 682 645 426 913 736 896 28 461 893 818 862 675 956 20 936 645 213 262 821 464 600 201
856 51 809 502 254 404 402 675 960 380 347 313 640 716 371 589 887 22 196 960 599 895 14 52 464 161 557 585 695
462 684 38 460 73 748 465 930 866 897 503 524 816 70 149 714 304 694 341 691 713 994 692 327 546 380 28 108 322
603 491 135 32 224 80 878 814 502 450 88 818 945 676 155 930 660 472 268 153 83 68 896 945 881 503 504 753 564
644 905 319 869 629 322 57 61 741 74 958 89 964 757 34 972 592 956 258 879 298 789 327 100 7 66 361 535 779
423 787 367 654 566 298 301 74 694 705 143 57 208 947 491 790 93 291 26 668 696 977 200 105 212 187 151 630 860
205 293 878 604 94 359 100 278 47 647 710 143 774 810 231 245 984 850 692 391 21 878 190 239 218 807 842 755 362
397 817 268 946 959 457 441 572 600 792 751 928 91 870 484 278 333 425 825 274 906 363 367 220 369 426 221 623 851
199 2 961 912 274 105 152 881 42 95 101 613 42 525 65 129 224 152 288 697 806 372 523 689 621 666 597 12 979
974 154 957 111 235 42 100 201 747 605 261 859 644 318 609 644 521 775 705 915 170 27 637 838 462 686 466 866 644
976 835 391 706 155 980 526 16 326 353 214 122 682 727 906 473 651 962 106 839 253 582 949 351 206 928 827 435 966
931 777 380 955 484 5 924 658 3 417 23 163 961 508 948 971 147 279 925 591 927 131 814 511 981 832 757 617 918
716 260 55 644 260 953 804 573 67 114 948 601 44 130 748 274 283 225 144 701 746 192 226 622 349 315 557 454 456
407 975 313 126 650 637 731 653 956 620 275 87 669 365 339 466 741 586 116 408 970 83 193 576 464 15 243 297 300
832 19 238 238 6 217 655 425 131 817 172 272 732 180 438 59 372 529 306 377 212 441 341 210 246 620 609 321 817
545 653 612 894 535 508 308 792 414 415 127 692 228 614 92 351 388 222 266 858 237 760 500 150 249 299 218 293 994
585 382 172 561 716 38 354 335 147 258 355 908 832 885 454 425 304 186 477 858 367 455 700 535 863 605 133 743 678
5 959 402 717 198 828 577 135 604 59 108 472 20 505 706 687 527 31 702 301 422 49 10 991 905 574 6 3 548
570 743 717 59 171 327 517 399 518 356 896 133 527 22 378 769 928 857 410 945 259 126 841 541 351 568 3 180 13
502 677 130 258 347 423 332 427 219 873 89 988 611 549 42 633 111 722 141 526 733 625 714 200 729 41 172 663 664
965 561 714 145 510 933 350 840 737 481 411 305 371 490 279 729 690 394 540 900 963 682 6 573 943 946 382 953 851
105 167 184 192 723 104 585 518 396 572 858 951 359 871 662 871 841 251 745 694 204 887 289 48 561 728 262 8 416
300 339 250 811 97 368 113 656 144 501 614 156 687 795 381 750 737 532 335 541 364 565 696 985 222 678 550 527 786
371 787 917 163 471 698 216 146 656 876 849 390 361 378 626 209 469 284 362 496 890 899 543 706 439 822 556 688 351
57 115 359 442 118 880 891 169 839 716 115 790 206 710 303 424 65 830 375 30 26 63 811 261 198 4 270 687 670
87 955 106 810 108 293 524 501 235 361 930 446 449 821 160 508 250 811 993 873 484 353 123 504 374 396 787 945 176
484 669 43 407 408 129 587 241 946 958 145 526 902 623 625 819 248 404 225 2 112 925 447 332 714 297 811 205 137
547 751 555 986 14 927 550 578 134 846 160 281 418 258 278 49 427 263 262 949 257 448 204 741 380 651 726 145 667
156 846 462 122 205 275 659 87 728 563 828 731 107 634 201 189 594 606 532 27 730 270 701 648 766 222 876 830 575
463 416 828 37 206 968 410 196 751 902 717 748 552 289 67 596 5 145 711 246 84 530 55 830 658 409 50 379 228
896 313 799 862 594 9 654 302 288 700 489 581 162 171 921 987 43 698 127 905 926 362 691 858 161 784 995 90 258
78 448 129 194 938 906 102 511 493 581 999 215 984 552 684 712 376 790 253 558 722 241 207 822 492 81 8 237 67
745 842 115 338 706 739 234 639 245 805 477 272 686 996 75 526 627 700 680 390 743 453 372 160 599 236 920 711 789
165 253 532 380 829 187 524 315 209 862 178 944 865 251 960 297 72 348 677 61 637 324 133 488 455 29 584 611 229
701 429 205 374 642 24 933 873 919 772 968 704 865 406 171 535 250 953 624 567 540 950 875 759 566 352 794 201 262
996 331 37 887 633 775 208 264 298 372 222 151 250 249 329 781 762 648 758 20 844 426 128 307 327 594 743 765 852
464 253 428 961 590 90 527 932 299 134 161 960 48 323 518 15 239 303 959 30 413 750 950 78 929 696 822 835 320
61 746 964 568 597 194 983 386 601 340 839 474 125 549 659 394 842 108 106 370 393 865 345 834 835 238 869 997 742
404 357 57 639 84 273 929 695 468 141 523 22 307 308 688 525 63 531 881 933 361 895 537 582 647 444 871 524 106
357 553 761 386 705 289 742 623 589 850 785 589 960 495 760 509 519 61 165 263 890 209 761 224 686 447 1 943 177
587 852 268 22 241 10 235 933 800 124 263 171 96 437 756 550 625 124 220 916 743 725 372 174 766 269 554 562 231
105 935 256 913 961 642 344 352 496 931 905 754 425 983 201 128 348 717 979 455 543 246 492 458 347 277 130 324 203
771 485 299 101 668 264 660 930 320 712 989 215 580 117 17 813 121 508 582 400 699 907 381 18 518 324 294 505 776
264 989 379 765 644 445 620 601 907 783 858 783 589 488 644 296 757 736 881 904 541 999 959 599 463 543 832 930 363
750 113 74 530 402 204 43 54 207 650 423 521 889 201 363 921 84 477 314 28 160 795 221 593 812 426 411 377 960
508 435 464 30 893 532 271 188 447 136 404 467 707 109 826 6 351 963 797 835 616 367 714 717 683 659 273 572 40
916 361 919 16 378 681 584 987 662 414 661 261 253 156 316 267 229 930 592 473 23 364 785 411 309 995 339 288 775
234 432 932 616 735 614 234 94 791 908 823 374 912 767 451 182 895 153 437 510 586 796 582 732 983 388 146 983 519
39 859 626 142 877 421 917 308 31 651 746 94 580 229 477 435 288 997 445 925 44 889 646 695 978 882 497 645 173
783 345 714 732 297 550 902 709 571 562 513 89 330 413 437 560 796 419 313 294 821 702 119 331 29 353 61 461 346
658 629 666 947 838 360 315 552 190 129 271 990 320 778 23 112 437 507 733 494 290 728 840 811 400 19 486 430 684
398 554 549 454 414 558 167 12 404 989 269 776 877 939 884 917 163 29 78 8 366 699 534 69 159 915 90 683 180
216 505 586 581 807 753 238 839 123 366 396 27 835 678 652 606 843 354 222 238 143 252 9 235 823 485 116 71 649
537 538 775 822 435 709 157 530 237 944 518 887 600 620 963 641 748 53 413 857 956 683 211 384 566 103 534 523 636
924 857 756 557 207 441 805 346 466 91 550 882 802 497 547 45 788 66 972 576 136 496 822 495 7 311 143 59 79
163 820 611 114 36 236 101 831 373 721 737 345 780 226 6 304 167 144 239 101 126 501 35 254 889 36 78 99 414
815 343 436 43 125 235 683 687 329 937 359 681 291 152 465 303 715 440 420 423 475 571 726 938 584 670 491 426 980
421 245 927 693 308 231 899 289 645 500 149 708 173 700 983 752 113 387 925 479 869 63 78 765 19 920 619 78 841
433 969 301 396 548 914 100 78 163 298 894 656 53 959 939 22 129 253 467 292 175 855 50 412 807 525 590 138 402
174 427 122 203 882 43 832 608 479 782 223 920 933 797 376 449 46 171 828 933 925 783 941 702 251 45 453 849 644
38 304 976 317 976 943 732 753 129 571 463 395 541 213 766 161 927 69 655 173 92 333 322 236 133 565 213 469 425
725 229 965 136 199 401 532 557 489 296 370 93 766 768 984 126 129 382 790 323 269 2 628 130 200 579 828 394 854
135 577 11 646 295 79 511 550 514 398 305 843 286 941 59 435 233 244 370 619 958 111 432 146 928 170 900 781 464
595 498 855 132 103 243 899 414 303 317 123 603 151 738 381 242 569 976 262 307 233 575 109 534 190 655 120 974 218
904 140 865 783 281 401 419 42 198 264 945 583 398 956 27 504 83 422 129 980 98 648 110 698 154 256 591 398 135
721 37 293 485 320 706 336 594 787 320 110 846 704 450 663 710 853 90 711 848 116 866 489 711 15 623 953 517 662
889 201 806 710 859 715 23 867 95 498 659 697 79 252 568 697 162 491 986 122 163 890 648 597 103 228 124 353 116
10 205 827 561 198 685 440 781 540 389 602 731 660 675 381 916 393 917 819 700 884 663 563 54 585 282 374 251 622
890 28 837 960 286 358 453 399 416 467 736 755 641 634 558 458 674 83 339 446 630 574 33 436 42 708 632 587 57
978 760 107 296 829 945 599 982 431 714 772 63 421 496 720 978 638 663 123 628 715 705 563 892 484 700 680 711 310
700 998 364 857 646 108 89 274 696 314 568 494 637 19 157 116 174 862 937 372 436 79 804 784 27 646 848 413 273
500 215 84 114 554 501 522 272 259 460 156 876 208 500 227 753 621 986 913 963 614 848 450 969 791 375 572 34 94
363 160 72 791 973 694 157 184 750 942 372 881 274 351 484 480 809 750 165 117 142 338 141 609 527 358 709 865 269
560 482 815 42 282 135 372 448 992 161 837 702 191 334 702 552 863 672 59 734 82 144 643 314 944 313 124 233 730
367 395 284 105 713 477 484 184 428 145 565 512 378 540 833 341 727 833 203 134 925 479 615 848 971 720 330 427 910
770 865 863 63 564 436 366 461 15 801 450 316 506 382 201 106 723 327 610 75 989 7 587 494 13 27 234 23 287
454 987 936 436 411 493 735 489 571 486 920 382 379 425 275 10 4 417 53 782 152 754 893 966 841 436 88 49 168
203 118 989 930 945 964 479 652 811 791 323 222 9 44 560 887 48 859 276 758 161 969 898 388 718 959 361 165 731
800 723 496 943 101 712 773 607 383 171 108 737 12 603 711 568 114 809 545 939 920 153 610 572 511 104 798 526 844
548 755 663 297 797 622 585 692 370 813 378 900 386 241 438 706 847 508 801 541 175 636 724 65 129 832 661 365 602
654 430 692 903 677 116 255 790 439 151 570 941 994 126 277 546 905 98 110 404 839 537 933 246 265 627 381 993 922
305 624 332 816 304 248 274 529 469 37 358 517 771 717 753 913 795 340 811 46 941 43 553 538 217 398 152 374 297
394 747 773 484 405 786 53 290 134 705 911 644 636 922 737 134 10 20 613 272 216 525 649 502 813 849 158 572 106
826 5 893 290 763 94 770 722 80 619 693 378 415 167 414 855 550 181 203 59 627 634 499 836 904 943 144 367 727
326 551 102 504 813 416 375 200 74 67 608 268 80 127 196 13 358 948 741 86 267 165 298 170 298 839 679 981 850
831 693 343 349 498 359 482 828 295 799 660 307 598 489 910 387 911 16 981 499 618 273 530 139 646 328 237 259 689
772 798 683 146 477 680 69 574 92 123 467 215 512 102 956 151 804 889 203 713 756 388 38 49 292 669 304 164 507
949 296 344 935 847 97 568 5 892 971 442 316 105 797 205 488 4 175 558 877 481 477 447 357 873 588 419 690 954
517 840 789 740 354 112 277 766 291 982 316 904 542 187 658 935 50 968 186 769 776 443 41 669 269 419 557 861 908
15 841 632 925 356 820 402 842 679 946 276 456 460 605 263 873 495 412 698 381 466 269 394 149 207 8 714 827 718
920 42 136 31 289 126 449 160 270 361 175 722 125 379 478 276 875 232 516 79 853 61 886 750 568 373 431 269 492
966 910 869 118 90 267 618 680 665 423 928 432 222 565 773 278 795 884 175 844 140 595 359 795 533 861 46 296 865
925 554 81 940 365 721 452 642 889 194 946 161 484 269 59 549 72 334 646 660 46 899 97 985 157 384 398 965 316
21 16 42 26
54 11 166 29
140 19 188 20
230 22 231 27
160 14 226 28
57 29 138 29
223 15 226 26
3 7 74 23
162 26 165 29
166 9 170 17
162 25 175 25
196 4 201 29
182 24 188 29
66 19 106 22
147 23 159 26
79 17 174 18
144 15 171 29
202 23 206 28
167 27 201 29
61 15 111 25
166 25 227 27
13 18 18 25
63 18 175 24
84 1 129 5
140 10 168 16
128 20 203 20
180 29 218 29
171 24 187 27
211 15 222 21
18 7 130 16
186 16 208 23
216 6 227 26
173 14 214 14
69 22 206 29
126 6 188 28
60 28 116 29
3 7 184 18
40 26 53 29
112 15 191 15
208 26 221 26
11 29 218 29
83 4 143 23
148 23 228 23
36 12 233 19
26 7 162 23
13 26 193 29
222 16 230 18
130 11 181 17
67 25 128 25
207 29 232 29
66 6 135 12
27 9 155 11
43 29 118 29
52 25 85 25
114 18 133 24
79 27 222 28
15 2 69 9
115 7 195 14
42 27 113 27
121 17 150 28
185 7 212 20
10 6 129 6
121 20 210 23
164 17 205 18
37 8 74 24
213 26 230 26
159 27 171 29
223 7 232 11
16 27 233 28
34 21 57 27
94 10 206 14
77 11 143 23
22 12 197 20
13 5 78 23
38 26 148 26
15 7 138 20
210 20 212 29
3 25 70 25
105 7 204 9
130 14 179 23
232 20 233 27
47 11 88 22
157 15 198 28
128 12 170 13
94 10 156 22
200 19 231 24
42 4 46 10
11 23 57 23
150 21 199 25
121 18 159 23
199 25 204 28
117 14 132 16
145 22 180 23
171 15 178 15
203 27 210 28
165 23 232 28
194 4 216 8
184 27 190 27
11 9 220 10
221 20 226 28
113 27 153 28
209 23 212 29
69 5 118 16
205 18 228 22
218 5 233 11
93 20 152 26
166 15 176 28
152 10 163 17
5 10 189 27
100 24 179 27
178 21 198 22
178 9 199 21
174 20 192 28
137 8 160 21
19 19 164 21
38 25 51 26
191 16 197 22
21 5 213 25
90 15 128 23
20 11 80 25
132 13 149 28
214 24 230 28
6 2 218 20
29 26 185 29
167 3 180 20
103 4 230 26
140 25 144 29
10 20 131 20
122 13 223 27
8 15 225 24
53 24 67 29
191 21 219 27
182 11 203 28
47 14 74 18
215 22 231 26
105 13 150 16
39 19 63 25
150 21 200 29
132 2 186 14
225 28 229 29
117 8 127 8
203 15 215 27
233 18 233 23
47 14 64 27
71 5 183 24
175 26 210 26
176 28 214 28
185 20 221 28
62 16 218 27
137 6 209 18
198 4 218 13
216 27 226 28
14 6 196 28
37 6 205 14
59 12 193 25
73 7 229 23
9 21 179 26
58 21 58 26
94 11 141 23
213 26 224 29
58 18 159 22
45 23 146 23
93 25 135 26
208 29 218 29
82 6 193 29
202 8 223 9
60 9 130 27
72 18 155 24
212 19 221 19
165 3 217 18
189 5 204 21
12 27 158 27
115 18 166 26
44 28 65 29
165 11 225 23
120 23 185 27
44 29 84 29
73 16 125 21
7 1 86 26
117 15 146 20
224 11 229 16
131 5 141 10
4 11 63 24
206 29 229 29
88 22 138 23
202 8 228 10
97 14 107 16
109 27 173 29
45 16 130 21
10 27 95 28
218 20 220 21
150 18 227 18
67 5 89 18
50 12 217 27
70 17 207 27
54 16 180 18
116 27 184 28
177 22 216 25
108 18 224 22
18 26 140 26
184 6 209 13
43 11 224 24
86 16 231 23
214 17 221 28
67 11 133 17
127 18 226 21
206 4 207 16
219 6 231 26
161 16 228 18
190 13 223 25
73 28 170 29
136 27 142 28
121 11 129 22
180 4 212 21
7 18 78 27
31 19 57 27
181 21 205 22
198 24 223 28
170 13 202 26
111 15 122 28
96 29 132 29
114 7 177 22
185 5 201 27
151 23 233 24
43 22 109 24
112 14 112 16
60 4 140 7
142 20 210 29
92 25 109 27
182 20 221 20
212 28 225 29
172 25 209 26
221 22 227 28
79 22 132 28
230 2 232 7
134 23 198 24
75 14 173 22
88 6 197 16
229 25 231 26
76 25 216 26
200 25 219 28
167 25 209 27
20 7 93 23
132 7 169 28
219 29 219 29
120 22 222 28
170 9 194 24
165 10 220 18
124 16 224 17
18 25 39 29
167 4 168 13
163 16 186 18
134 25 209 27
15 28 40 28
123 17 214 24
107 2 204 8
175 29 187 29
183 17 214 19
38 17 129 28
130 29 227 29
24 27 99 28
206 25 229 26
40 4 195 22
145 2 189 6
9 28 10 28
22 8 72 24
55 24 98 24
233 2 233 21
38 28 202 29
101 26 133 27
210 7 213 22
31 3 218 18
118 16 190 23
92 1 101 7
213 19 223 24
48 16 49 29
141 1 156 2
150 8 200 27
154 25 213 29
116 29 177 29
215 14 222 19
160 18 179 26
57 1 206 7
230 18 233 20
45 13 60 13
7 9 17 28
149 25 174 26
164 19 218 24
12 21 220 23
78 25 142 26
114 25 195 28
73 11 208 29
136 26 146 28
13 7 121 18
3 14 233 21
99 29 228 29
54 28 58 28
13 21 25 26
119 28 183 29
36 12 57 15
121 19 220 25
173 6 223 17
231 23 233 27
99 10 113 27
50 23 103 24
34 3 141 11
98 15 100 24
116 24 180 28
66 10 171 13
126 17 164 19
17 21 94 28
57 26 107 27
59 20 147 21
230 19 230 24
115 8 170 17
155 12 231 29
98 16 232 17
102 10 165 29
135 9 175 24
30 16 53 24
98 22 226 24
179 26 230 26
65 21 140 29
202 1 209 19
158 4 163 9
77 26 183 27
94 24 211 25
45 3 141 8
46 5 61 9
114 17 154 28
7 24 30 24
230 11 232 21
55 14 174 25
148 29 203 29
13 22 48 23
202 10 223 14
74 10 149 12
45 11 214 15
76 12 221 13
154 23 169 26
34 2 209 28
32 5 187 12
212 12 229 12
130 23 168 29
194 3 230 15
107 19 222 21
226 19 231 29
129 18 160 22
10 9 195 22
33 29 199 29
175 10 216 19
135 11 177 14
106 29 217 29
31 21 155 27
37 28 165 28
215 14 215 25
26 21 179 21
185 29 229 29
120 16 134 28
78 19 150 26
32 8 63 15
78 1 193 10
197 25 202 25
98 2 103 19
68 6 101 20
170 15 208 17
79 4 206 9
172 26 230 27
214 18 229 22
156 28 185 29
94 11 123 16
34 29 211 29
170 16 216 23
214 5 223 28
189 13 204 29
