37 165 3617
511 72 346 915 844 153 706 163 260 683 754 677 556 100 915 313 373 60 228 863 48 578 167 934 828 667 727 230 670 20 984 63 705 549 114 742 388 197 162 71 295 288 702 592 484 836 861 326 379 620 133 734 153 599 780 332 663 151 641 887 100 950 598 413 634 816 31 244 526 685 118 312 338 1 920 363 137 177 826 296 828 478 81 941 38 612 777 609 302 571 937 472 664 751 25 376 161 214 527 992 107 2 21 312 515 799 517 387 481 847 689 815 874 993 61 994 191 892 92 309 35 921 593 463 253 97 916 932 420 371 843 94 23 947 184 902 364 952 678 142 984 618 903 177 109 340 546 795 453 420 587 247 513 41 621 798 347 37 844 156 718 317 943 962 385
375 474 106 291 202 141 16 354 25 752 234 585 748 527 518 312 653 867 418 323 929 660 826 877 831 678 201 668 853 666 320 948 103 250 185 275 191 908 368 521 325 849 498 77 993 794 747 456 555 345 170 820 295 821 502 334 37 210 523 585 169 137 458 778 57 553 923 816 145 221 858 875 711 884 490 601 147 471 857 563 864 550 612 207 365 781 832 128 849 32 362 127 714 421 744 182 672 545 173 149 805 779 15 753 773 631 348 180 564 792 652 357 622 696 282 859 935 130 573 202 682 661 466 187 311 434 384 875 540 193 638 688 604 209 58 168 213 195 675 860 128 143 241 902 946 492 64 910 685 961 173 889 11 914 69 33 525 99 430 404 309 214 922 739 100
786 966 800 801 513 644 979 744 336 179 149 56 206 350 73 722 721 973 26 457 536 122 700 287 750 35 825 837 258 809 448 657 400 802 231 590 106 350 681 81 142 850 737 545 982 455 727 399 301 653 310 123 76 764 632 756 793 967 620 585 350 813 6 376 779 285 428 382 81 412 685 567 78 95 35 906 397 284 241 361 383 923 910 183 10 56 576 438 613 367 874 272 576 959 105 273 957 606 478 431 379 827 297 632 436 103 449 306 281 248 557 852 32 475 330 715 121 957 719 557 728 753 696 771 23 831 643 713 994 505 576 413 280 70 684 197 564 540 961 612 775 423 15 277 546 177 515 794 122 547 82 671 201 286 893 258 967 856 675 88 946 590 261 634 150
449 384 423 401 937 931 663 650 974 436 1000 544 519 216 824 533 512 163 541 293 273 891 615 313 849 616 750 85 908 895 493 443 707 75 701 259 317 145 792 865 811 447 405 316 311 594 126 806 865 825 248 372 927 909 76 279 797 703 190 366 767 407 193 956 872 593 895 852 86 113 610 385 511 64 197 416 625 88 776 705 926 442 563 70 379 384 127 339 907 688 469 153 805 271 705 323 364 196 838 582 164 615 19 240 480 519 963 507 998 521 691 926 552 287 564 693 933 639 659 411 887 802 897 181 315 747 975 773 344 81 69 68 367 498 492 843 368 339 972 454 871 458 966 976 610 174 505 871 577 810 361 294 495 953 970 781 815 362 394 123 319 155 834 934 43
730 600 552 733 678 237 670 293 822 462 301 707 353 931 473 740 16 375 356 321 181 542 348 867 648 502 39 991 45 323 832 955 689 781 480 961 892 814 712 860 751 640 658 168 647 51 761 302 787 192 473 833 366 260 62 152 127 955 528 364 368 167 734 416 720 367 564 423 368 362 125 914 708 652 743 263 846 354 796 854 728 804 220 664 176 248 855 787 545 733 694 93 248 180 455 671 925 857 874 899 608 948 533 994 845 674 67 683 349 476 97 203 450 100 306 154 276 30 634 901 358 606 737 88 82 350 445 530 214 446 181 235 555 103 991 522 607 497 82 271 56 319 548 136 740 520 263 137 781 717 746 453 469 844 204 367 555 84 811 257 606 792 766 265 169
125 574 761 599 361 557 997 505 420 554 423 982 951 386 983 957 435 704 304 210 177 491 158 910 704 609 695 770 47 483 968 264 636 222 2 691 39 203 183 270 569 451 82 833 876 923 889 180 6 153 538 581 11 595 252 462 185 368 661 830 128 80 893 578 392 839 15 383 183 550 987 599 674 159 882 144 778 507 418 138 878 90 36 733 886 111 603 364 150 877 568 408 242 754 815 108 330 632 744 412 903 73 126 307 886 94 104 132 782 853 289 281 310 332 292 704 190 487 184 626 116 216 318 924 662 966 656 690 882 711 255 612 604 568 855 915 960 321 553 807 562 688 416 534 793 241 489 405 122 522 88 382 983 39 432 141 747 511 645 822 526 930 928 28 79
775 192 45 877 964 812 638 485 948 200 242 742 688 820 853 899 119 882 401 779 104 432 969 223 822 740 749 593 983 908 274 839 261 401 61 711 863 751 482 14 209 68 379 420 277 55 659 226 287 205 863 654 58 478 506 702 542 285 788 323 750 800 141 706 537 713 957 748 478 291 756 355 380 262 4 118 811 368 763 999 388 626 365 122 467 252 339 458 331 931 912 168 890 613 464 646 443 309 504 853 51 408 855 357 639 883 958 591 16 404 419 273 640 744 196 554 99 88 94 453 932 798 573 352 684 957 224 854 765 545 637 90 11 391 832 661 625 175 825 733 505 602 428 473 871 542 850 923 457 361 228 610 487 892 787 675 136 494 914 98 119 429 100 588 631
356 314 103 870 71 133 511 4 766 628 853 516 985 793 795 560 114 84 335 95 768 457 566 310 626 150 299 72 350 336 661 934 1000 681 357 497 978 808 145 818 888 625 212 867 879 479 572 977 951 182 297 632 448 958 392 931 450 526 372 521 54 626 173 853 611 482 840 148 821 881 537 551 215 780 851 580 969 618 987 106 160 772 449 808 582 963 13 226 948 730 310 314 874 488 161 636 328 116 858 180 330 436 956 77 575 448 791 419 294 692 847 710 107 630 302 484 865 522 586 19 434 900 525 133 205 311 701 506 650 749 9 100 584 820 963 759 946 454 230 261 786 721 24 697 863 104 449 236 704 393 623 80 254 237 430 614 232 248 23 565 191 486 827 256 796
96 595 917 277 839 257 349 129 281 702 153 90 415 342 168 131 617 294 711 729 866 278 728 909 364 884 952 694 800 688 772 356 744 796 552 560 840 812 785 855 767 865 622 174 204 316 972 967 353 987 602 352 944 252 401 186 18 185 251 287 200 953 740 120 619 96 311 151 122 901 290 699 916 44 643 612 328 861 248 239 952 106 914 236 20 797 396 485 512 835 149 991 153 371 656 954 152 542 711 341 273 56 200 203 567 310 528 642 910 148 61 845 289 137 635 807 649 209 435 429 979 875 342 481 261 730 109 515 806 880 604 180 529 48 717 565 683 515 395 126 636 804 759 467 342 944 164 753 248 473 577 819 526 845 692 94 681 751 720 302 780 985 903 543 767
846 412 747 612 789 451 690 302 934 35 739 18 330 165 219 210 347 842 864 624 396 635 87 799 244 332 938 961 539 543 457 735 832 976 821 610 276 527 100 613 399 238 658 236 843 656 254 262 702 90 652 753 168 838 146 152 501 445 713 131 967 711 667 541 264 218 578 602 136 852 902 232 338 942 255 255 828 355 507 76 109 144 887 289 899 105 146 602 950 907 374 420 614 307 462 388 983 318 374 202 783 95 301 75 942 754 505 251 737 277 173 130 672 168 856 649 802 537 158 755 53 850 164 10 174 669 743 555 379 330 239 978 377 641 299 860 480 380 492 149 680 574 190 818 118 291 667 681 173 937 709 642 454 883 116 87 377 540 345 640 602 930 225 968 571
125 77 907 573 939 828 701 234 635 684 809 136 484 717 308 268 468 291 632 382 526 585 49 913 290 610 37 23 415 8 451 504 215 626 181 718 525 314 813 499 428 668 659 959 689 428 416 418 560 118 614 296 900 47 959 615 382 207 679 947 962 747 957 39 641 636 597 62 22 859 128 402 94 984 671 203 188 217 997 396 67 138 412 788 667 133 246 892 97 203 17 573 120 178 539 263 483 626 559 428 165 639 853 251 793 503 5 954 236 730 543 35 674 288 462 729 216 922 662 406 500 383 261 211 565 974 285 225 697 330 766 588 858 519 836 546 799 570 40 108 933 315 682 98 556 5 736 673 103 480 488 6 659 826 859 737 104 340 91 931 903 328 255 788 730
714 901 29 845 700 980 951 351 751 78 397 283 986 912 501 739 649 982 906 118 720 239 308 919 873 669 589 411 934 700 520 959 705 421 994 715 525 721 4 910 226 564 158 980 193 798 325 328 89 89 116 614 439 789 326 73 661 823 98 509 326 961 553 324 403 149 839 91 989 954 101 4 566 538 642 729 116 4 636 57 567 393 125 50 861 95 647 260 634 958 797 993 930 881 199 527 565 299 874 650 797 531 735 878 707 605 9 233 278 867 702 533 498 319 829 710 939 428 45 807 170 850 451 946 57 332 844 753 461 874 377 403 107 72 638 751 430 468 443 718 997 621 218 472 733 591 714 732 525 474 921 920 945 663 500 777 784 517 719 483 784 244 898 294 481
830 623 195 333 67 513 93 392 822 207 638 600 932 282 828 437 325 269 193 36 213 550 498 88 514 924 561 821 975 816 45 76 793 665 759 60 975 797 356 644 21 167 30 197 24 739 250 787 711 883 352 274 487 116 256 231 76 707 503 863 911 143 246 98 53 245 849 781 35 745 251 505 685 473 321 927 704 919 16 545 486 823 259 848 412 615 119 392 678 982 61 873 500 581 706 489 412 931 846 915 257 803 176 54 370 25 549 289 425 469 375 364 364 127 162 154 863 610 106 553 814 108 41 400 374 829 44 880 242 218 490 111 954 774 342 707 148 146 52 925 957 277 525 652 904 769 198 901 940 303 469 632 548 911 360 745 180 135 534 785 598 614 502 476 138
444 175 480 273 734 658 898 342 154 589 891 747 875 142 461 476 277 224 866 309 961 367 374 656 106 200 48 576 978 461 49 158 442 978 489 110 661 122 242 96 764 831 209 96 181 407 473 810 491 938 444 939 93 399 584 961 758 162 538 923 103 930 532 595 367 838 718 303 421 818 749 667 806 125 203 457 751 299 695 800 521 756 393 991 185 598 421 257 829 230 96 900 559 830 264 400 148 779 22 202 30 675 7 136 443 675 8 625 931 515 107 90 57 685 712 278 179 976 839 532 329 746 732 392 776 70 454 291 668 175 387 532 175 364 692 172 983 988 620 913 567 891 263 628 640 128 753 672 358 726 121 687 346 683 70 263 381 419 652 387 627 403 441 321 615
739 109 236 810 89 465 641 465 411 894 432 662 663 856 146 869 785 540 858 105 987 45 975 786 634 483 107 667 751 209 68 830 526 979 36 565 994 223 876 103 451 761 605 603 79 236 80 498 650 276 999 272 174 849 441 25 836 618 307 733 577 124 165 919 259 482 230 577 429 899 407 591 283 754 603 529 654 111 802 694 439 581 711 507 173 128 141 839 136 7 673 696 714 289 577 749 470 544 380 542 797 142 990 887 825 251 753 833 691 91 389 845 208 192 319 275 418 428 476 16 510 355 363 219 130 977 757 357 126 381 157 455 405 817 829 255 642 715 17 228 298 807 716 798 511 1000 203 897 200 891 384 975 925 846 898 876 831 400 823 598 321 287 794 789 923
829 311 979 198 548 11 991 420 799 750 640 212 961 375 858 255 200 199 605 717 127 304 519 24 711 981 46 209 671 792 930 115 190 992 325 356 195 268 454 125 649 102 718 554 262 313 361 613 778 760 351 213 528 503 898 517 263 194 138 199 353 872 851 799 345 833 750 129 495 760 751 129 362 821 912 470 739 34 135 687 233 771 551 613 549 955 528 383 123 112 580 387 100 180 50 73 739 686 368 682 286 658 808 587 3 447 166 143 538 425 489 628 54 413 22 109 576 550 808 864 826 236 994 248 417 741 725 784 641 26 662 581 252 356 588 118 578 302 253 826 32 824 618 907 557 204 899 267 869 749 386 528 384 349 816 577 587 164 205 244 214 942 440 296 32
730 582 90 173 44 810 900 987 850 159 169 83 110 721 649 784 976 784 677 547 182 447 671 960 594 635 204 837 365 53 952 568 661 554 153 329 461 602 188 975 477 995 327 441 902 766 690 251 258 257 5 311 343 651 772 496 918 904 71 676 559 856 326 711 799 535 21 685 521 56 524 40 367 314 901 608 770 642 827 502 121 919 502 675 484 208 755 554 219 823 379 504 857 917 105 71 578 63 503 855 670 27 559 612 449 912 617 675 183 118 869 51 726 109 616 654 729 808 65 927 478 561 509 775 641 981 380 119 484 679 785 566 377 828 829 675 748 749 253 38 997 218 628 917 264 5 657 533 345 204 907 141 532 322 656 945 581 683 403 542 574 670 965 39 935
503 68 179 460 754 729 851 818 553 793 104 596 498 454 378 662 611 684 988 273 276 55 39 120 6 581 846 238 59 832 626 506 351 769 706 289 885 457 720 610 908 57 331 148 308 265 796 250 356 685 319 107 740 442 478 209 998 735 203 219 852 900 690 424 699 1 385 19 428 932 648 558 82 491 3 47 350 931 940 341 773 23 81 656 612 781 147 294 729 596 561 879 531 690 741 735 929 471 58 347 558 577 232 175 972 172 446 518 355 285 773 498 360 826 614 711 44 230 715 548 508 554 991 714 792 262 820 3 752 836 693 960 141 841 109 666 911 58 379 521 737 810 573 543 172 673 183 437 381 362 213 357 340 666 294 123 547 997 131 352 730 268 50 865 794
539 653 535 256 115 644 646 713 543 692 729 474 283 772 828 336 636 846 60 640 900 847 423 158 628 928 766 54 267 599 968 185 451 921 449 222 690 183 253 666 236 566 159 636 453 125 410 423 112 71 928 198 641 714 115 936 528 645 636 565 727 680 905 593 163 850 343 972 141 267 866 769 761 975 463 289 249 33 197 638 428 915 404 384 439 990 403 883 233 282 561 32 244 920 117 714 166 702 788 952 710 970 809 852 768 548 718 721 441 877 891 388 11 550 584 615 10 412 959 683 233 38 392 671 684 899 182 711 195 761 592 480 652 899 105 515 592 525 623 522 194 414 341 673 556 109 959 69 489 204 937 949 997 197 532 926 997 66 394 529 831 279 670 579 607
174 611 505 410 765 922 493 6 824 243 516 738 761 391 638 930 184 247 712 263 256 480 489 274 900 592 440 338 672 147 68 229 650 413 325 650 3 73 788 894 992 97 644 186 31 359 151 54 115 64 167 561 318 637 576 69 330 238 858 763 967 722 898 61 398 469 109 643 364 176 314 838 53 410 420 701 373 435 826 257 308 598 667 3 716 346 450 959 394 745 388 281 499 275 735 660 431 495 738 538 114 143 384 462 182 149 19 727 988 24 990 854 475 111 960 312 903 192 197 353 161 62 136 784 854 735 805 974 685 115 205 453 675 122 615 980 630 447 866 71 899 352 36 583 830 181 692 103 585 553 750 563 892 496 263 733 71 179 972 971 242 243 240 886 881
168 75 379 21 557 308 869 269 693 635 357 442 222 141 420 103 393 164 113 454 794 789 248 81 203 79 508 810 732 170 368 489 167 684 861 885 54 554 810 974 862 200 261 840 250 215 512 66 314 138 303 988 473 652 454 411 525 539 462 449 264 44 375 935 10 866 529 450 292 847 606 425 949 599 809 862 895 695 868 240 851 794 24 823 400 12 77 123 850 162 107 552 488 998 482 343 14 444 325 687 105 901 706 637 300 112 438 759 675 726 502 675 22 694 820 640 616 805 286 16 977 253 735 67 415 874 772 788 597 792 222 592 763 579 274 554 758 647 266 549 506 563 481 94 124 124 200 888 421 552 790 69 162 940 536 980 61 85 493 799 198 235 661 733 177
821 400 615 143 202 88 617 473 562 708 523 781 609 206 449 700 413 182 139 727 765 723 40 335 741 963 121 451 695 237 35 351 832 578 580 994 573 628 568 845 422 958 180 245 695 224 553 502 491 534 906 919 523 909 735 180 7 730 724 610 596 639 824 87 506 420 598 548 322 41 332 340 682 154 600 940 968 44 943 871 390 240 70 25 344 728 523 969 729 979 60 219 6 840 114 940 108 627 533 977 984 664 515 645 462 905 30 259 331 180 290 922 21 115 798 727 31 718 307 145 299 187 575 36 44 535 148 420 207 211 528 875 529 16 998 180 456 284 53 618 530 430 858 175 657 735 418 714 652 443 164 109 775 33 463 205 524 828 189 448 855 961 833 995 78
50 798 116 175 864 477 748 924 688 418 128 235 33 369 545 370 870 321 368 244 552 678 681 859 170 560 58 17 167 873 228 860 651 160 640 442 997 469 243 513 10 415 91 919 145 392 756 535 993 384 919 448 546 193 901 203 550 932 356 254 586 570 844 428 394 919 473 131 347 934 364 210 928 384 263 899 506 982 221 17 712 816 899 646 238 508 706 861 932 866 716 651 664 914 977 118 536 97 637 165 673 154 78 369 10 609 61 451 190 80 766 795 959 660 468 735 182 408 518 927 944 603 243 999 3 785 356 763 273 756 470 758 863 672 363 554 678 46 700 239 509 22 23 797 68 524 958 616 418 973 757 194 815 102 470 226 85 23 295 652 240 104 892 906 212
419 752 570 267 482 22 874 855 734 545 979 411 803 259 816 879 837 518 295 566 334 315 77 240 751 927 746 261 842 926 130 955 108 134 731 341 954 574 718 799 178 165 669 265 157 467 352 51 694 493 108 447 816 288 46 861 944 687 138 349 773 461 472 54 857 797 389 258 410 938 940 429 49 607 152 943 242 767 852 877 62 145 401 624 407 938 553 882 255 53 762 959 649 266 739 226 82 730 706 980 630 309 822 952 721 346 506 168 683 581 920 917 286 125 736 121 347 564 378 492 79 524 360 490 276 264 990 223 624 170 679 137 383 327 314 531 444 716 688 699 305 960 759 754 801 955 615 5 542 166 344 106 880 860 691 32 866 42 285 372 139 400 415 344 850
153 839 388 789 274 873 209 609 221 36 648 638 940 881 827 111 648 240 586 760 568 993 369 641 621 677 348 724 795 654 760 284 799 350 142 345 410 40 408 500 840 998 452 187 350 366 309 170 274 8 708 283 635 696 232 684 471 453 214 810 122 547 904 926 708 637 408 666 204 811 420 263 599 845 758 198 835 792 284 878 374 174 885 542 512 383 796 41 778 628 699 287 85 675 719 171 582 879 638 465 539 534 411 794 969 346 313 50 105 920 881 721 293 522 135 482 354 1 436 74 962 692 731 895 128 327 883 985 461 452 221 63 462 621 463 74 759 706 673 251 848 949 969 55 598 34 301 473 502 326 722 65 441 596 219 852 478 25 374 563 55 984 821 84 792
138 700 898 1 686 109 201 905 165 839 899 533 63 520 129 219 671 675 69 650 1 86 741 445 294 285 253 317 662 978 400 982 638 663 854 99 971 766 201 691 842 150 968 722 766 943 382 676 853 266 12 307 770 551 645 968 693 884 714 279 786 948 332 230 251 939 548 213 785 70 709 871 389 109 970 123 787 707 801 187 399 165 48 928 709 661 527 416 84 930 334 126 576 802 90 836 18 35 81 908 765 384 852 279 753 916 141 231 185 152 161 692 10 746 160 596 561 73 866 634 158 236 897 528 224 766 473 817 482 504 780 38 73 919 183 93 64 452 38 536 616 289 272 498 278 337 13 974 253 89 541 240 210 482 494 219 207 820 815 764 519 321 175 895 770
884 690 260 538 213 579 221 762 526 41 258 640 717 56 578 381 931 965 174 165 279 690 823 835 539 179 952 431 510 221 595 428 902 56 163 624 501 330 123 15 633 800 210 593 871 874 287 963 282 467 496 847 482 939 938 60 192 809 703 280 18 785 722 4 660 166 550 406 865 48 931 402 962 876 664 159 991 792 113 423 63 927 434 510 754 248 459 534 83 818 996 472 842 363 219 955 820 865 704 251 786 472 644 773 916 409 731 593 725 726 215 842 466 660 681 608 378 96 164 909 146 142 326 601 407 67 531 606 176 971 864 705 617 359 274 225 674 427 316 346 680 289 171 445 237 549 942 821 324 594 538 400 794 732 812 530 189 846 995 768 59 530 901 650 771
778 799 788 154 165 346 278 169 137 488 348 209 431 734 328 559 901 854 582 7 999 564 730 591 967 482 610 997 326 242 697 159 646 369 349 237 638 263 118 218 577 372 548 81 726 435 336 610 891 501 453 682 517 286 866 72 740 288 771 620 639 36 838 880 523 758 843 233 461 752 178 812 420 747 172 454 327 576 847 382 69 566 736 226 962 143 638 520 500 277 734 820 256 586 343 158 648 72 671 608 920 732 313 398 78 515 961 110 729 395 688 216 732 660 437 400 311 866 860 878 828 273 439 155 726 14 916 531 231 697 391 943 297 588 134 636 923 80 23 549 415 631 786 206 387 996 647 417 289 115 804 23 34 698 156 508 873 189 85 291 992 507 645 163 435
658 470 401 884 107 819 764 488 576 686 763 415 725 602 279 65 90 785 890 882 468 601 994 553 898 859 169 952 321 337 3 564 966 80 29 305 547 409 280 557 367 334 425 986 505 984 382 198 387 995 844 568 131 300 116 662 268 623 277 472 599 69 728 371 211 613 826 42 897 945 433 871 539 93 922 226 340 482 354 833 115 595 316 949 264 217 176 394 439 291 293 544 404 816 101 321 1 824 811 820 718 415 902 699 820 25 493 628 652 593 149 147 253 48 668 18 105 612 927 754 489 702 904 332 600 861 607 228 337 31 724 833 403 634 493 968 180 411 444 722 613 680 398 48 256 706 326 633 457 166 484 313 606 271 491 957 313 975 919 77 347 831 271 596 196
489 168 145 129 524 964 984 724 278 996 117 924 649 154 493 818 345 480 216 509 888 67 546 628 844 617 97 277 58 629 51 451 430 333 371 264 659 189 9 645 647 954 808 507 772 79 370 781 20 473 445 121 70 468 511 546 755 164 78 721 999 195 917 157 217 363 845 68 402 514 918 272 583 487 891 65 118 967 580 669 337 604 325 496 354 791 100 190 524 117 945 110 855 586 291 698 910 390 455 955 158 160 27 65 466 365 151 81 471 752 716 434 830 502 281 986 954 81 178 257 675 604 579 442 449 895 505 875 113 333 669 572 922 981 764 634 572 502 334 319 186 808 622 791 796 446 852 669 656 270 273 721 874 39 889 275 192 186 225 168 465 179 660 345 308
533 828 558 627 806 342 935 284 578 624 615 906 767 945 17 968 367 863 790 608 94 132 956 295 248 803 256 389 517 696 276 818 387 612 473 611 268 680 840 781 448 3 581 80 507 346 823 520 893 919 109 114 920 484 109 229 596 882 781 80 322 771 991 372 690 860 397 816 314 151 307 279 872 728 53 599 328 478 372 712 575 689 213 564 613 865 370 437 720 249 369 749 982 489 39 78 980 588 308 150 392 806 830 803 754 427 230 476 668 410 865 617 278 746 231 492 936 3 372 296 588 935 888 116 584 199 440 258 248 245 975 692 821 135 240 887 65 622 536 78 146 117 89 126 199 271 843 475 288 764 983 332 397 568 976 158 446 379 481 723 255 132 39 501 888
519 61 912 725 199 259 985 224 987 342 350 302 600 481 66 926 716 786 677 574 976 797 93 898 266 764 296 91 64 337 669 185 920 121 691 731 142 446 118 110 580 608 270 8 6 783 971 431 953 819 784 24 43 65 631 317 746 508 590 992 285 485 625 212 834 413 306 524 507 44 99 916 638 974 633 132 745 301 484 432 170 558 387 636 803 307 466 404 482 90 26 402 634 708 695 218 482 207 198 624 650 289 876 68 343 309 105 75 344 451 164 570 977 153 717 28 803 381 15 721 301 850 114 285 963 914 905 294 258 405 500 502 704 351 586 960 825 184 670 257 143 717 767 723 476 916 958 554 697 240 414 472 828 132 972 692 794 29 38 722 426 158 628 706 310
224 675 863 923 44 276 813 81 110 429 475 81 50 963 552 103 954 762 533 366 588 106 572 244 572 937 565 67 722 113 238 588 867 269 80 191 631 739 521 739 865 91 832 586 640 216 844 704 971 613 739 35 721 429 835 183 484 65 517 272 569 692 179 372 598 785 357 160 660 890 2 629 401 185 196 493 888 40 488 602 636 720 410 154 686 538 668 650 213 304 993 592 750 642 566 682 731 808 538 843 739 975 150 737 522 562 582 575 593 65 781 918 959 26 138 872 337 239 97 521 34 20 475 731 500 372 516 454 474 202 471 497 541 302 824 307 874 675 90 704 895 934 507 648 628 908 818 55 524 320 798 422 636 359 110 496 104 251 605 519 64 482 167 631 230
145 786 886 644 7 622 920 251 269 438 761 279 674 930 418 641 578 165 893 946 811 548 990 6 705 491 825 163 431 207 263 131 890 890 613 519 752 854 752 679 879 89 557 11 300 71 910 426 87 621 806 211 8 45 60 165 546 793 920 501 968 400 431 655 435 518 758 889 747 454 788 236 229 712 265 153 427 736 349 5 732 183 27 325 787 802 991 672 563 214 679 760 268 687 952 470 842 274 513 298 652 554 500 757 141 555 896 281 604 354 301 194 975 272 334 412 490 559 458 605 359 918 277 723 126 302 427 924 231 915 31 152 382 468 310 843 768 357 350 483 780 565 220 44 884 781 579 649 522 445 715 142 435 157 424 665 580 179 506 721 934 545 718 673 784
660 917 91 797 101 763 877 47 758 825 640 404 384 104 350 157 68 45 921 529 147 834 989 776 604 389 839 894 52 771 99 572 970 864 580 913 15 112 377 635 848 741 147 888 105 409 293 594 863 458 649 205 191 960 125 87 130 594 707 313 796 968 143 505 75 363 612 515 825 68 712 152 313 377 112 861 124 63 301 259 683 634 966 684 58 966 665 482 730 957 625 551 547 710 693 818 216 361 689 672 249 97 687 81 471 64 7 55 849 869 67 366 647 120 549 938 611 960 758 142 201 897 438 277 675 309 769 904 164 867 758 339 759 815 707 521 16 435 32 678 222 284 238 720 234 778 480 21 675 465 754 332 829 922 458 867 588 530 727 242 442 520 686 818 572
588 536 180 800 61 156 937 288 78 742 771 626 478 850 659 173 151 89 514 291 386 641 56 420 379 711 583 791 410 3 469 905 384 319 618 864 335 422 816 4 252 366 923 306 50 623 86 494 814 433 720 811 505 3 833 969 144 358 372 894 152 885 672 478 880 849 742 720 606 491 99 307 206 586 89 899 474 745 133 123 599 78 168 573 605 297 594 887 686 754 438 344 205 387 40 260 810 77 547 884 559 439 645 424 145 648 493 270 330 504 560 516 478 579 128 371 641 937 542 116 977 635 918 862 442 934 880 474 569 887 111 660 856 809 910 435 755 892 730 865 492 141 648 227 983 650 45 524 950 167 332 580 892 844 440 771 977 49 906 849 66 107 837 167 11
904 726 90 111 338 71 310 77 712 34 280 176 302 904 26 260 487 976 120 246 32 556 710 229 345 198 115 826 777 945 627 532 339 319 871 843 509 17 253 640 194 797 802 883 234 848 959 953 325 986 686 90 615 418 609 249 756 418 759 344 667 218 895 300 834 591 303 554 515 104 460 620 849 796 892 168 477 47 144 567 958 780 771 243 977 711 905 287 25 270 27 684 43 995 239 204 268 637 521 480 377 962 157 35 835 256 752 59 283 817 56 562 689 329 104 90 924 836 15 618 438 210 169 336 680 409 375 23 972 525 82 411 611 619 631 431 62 607 58 532 272 987 974 323 265 52 586 616 387 335 53 608 808 412 947 315 135 889 751 564 279 317 27 852 53
2 4 11 58
22 33 98 153
20 27 65 120
37 37 79 111
22 22 132 156
37 37 63 89
34 34 12 61
13 23 33 158
1 16 107 140
19 27 19 119
14 17 113 137
5 26 139 144
26 34 153 165
15 22 124 164
34 36 16 27
28 34 132 140
2 28 147 160
35 37 81 160
23 25 162 162
6 37 37 149
27 28 75 113
10 21 139 145
26 35 106 146
8 22 34 66
30 31 43 67
19 28 10 21
31 35 61 90
12 26 100 158
5 30 82 151
8 37 78 116
30 33 148 164
37 37 7 62
26 36 165 165
35 36 46 92
24 33 46 49
19 30 94 102
14 22 31 55
8 35 33 130
8 21 155 156
11 32 78 95
19 24 36 154
19 35 96 143
28 29 22 116
28 34 126 126
33 34 158 159
33 35 60 162
18 28 86 99
24 34 131 164
23 27 41 154
17 32 84 88
32 33 42 151
31 31 94 104
11 22 157 164
15 27 51 121
32 34 15 118
29 31 35 161
9 29 41 84
37 37 16 39
5 14 8 47
6 37 9 132
30 35 129 158
9 29 148 148
33 37 16 131
21 26 156 160
36 37 3 148
11 29 78 122
32 34 64 145
35 37 26 155
34 36 78 90
22 32 44 53
1 18 83 138
14 29 84 142
25 35 21 68
31 35 128 133
10 34 43 165
22 23 19 90
9 22 118 127
24 29 134 157
29 32 92 154
22 22 49 97
15 29 39 57
1 36 38 105
22 27 118 161
13 18 28 133
33 37 49 62
18 36 76 93
28 37 144 151
12 15 61 77
28 35 115 136
1 10 94 145
21 37 159 163
8 27 79 89
27 35 139 163
32 35 24 50
15 37 108 119
18 37 92 114
21 29 67 157
31 34 105 145
34 36 141 164
3 24 59 161
2 5 130 154
21 27 96 123
20 26 44 92
2 8 120 123
18 19 146 155
21 28 43 165
13 37 76 94
6 28 106 159
27 37 98 105
28 31 42 73
17 23 165 165
21 30 64 154
7 23 107 136
6 24 65 140
20 21 8 109
20 33 74 97
4 28 34 57
31 36 110 110
4 9 17 99
36 36 80 155
24 30 126 127
4 35 78 134
23 28 31 117
8 33 10 124
23 36 131 137
6 8 140 164
24 27 15 85
21 28 75 148
25 31 120 152
23 27 10 71
27 34 30 95
5 24 26 82
14 30 115 161
22 23 19 143
6 24 38 164
12 25 91 96
26 30 91 100
33 37 117 136
31 34 121 132
25 33 36 146
8 14 111 121
22 35 7 154
24 27 59 76
15 15 69 78
34 34 15 90
26 33 15 102
2 4 137 137
8 22 39 127
26 35 57 122
9 19 123 151
10 23 150 164
33 37 144 162
17 22 109 138
13 34 63 124
27 29 149 153
4 26 104 119
27 32 152 158
1 28 59 80
31 36 30 129
34 37 165 165
4 36 145 153
23 36 144 147
11 23 42 108
27 35 78 120
4 37 32 36
3 18 131 157
21 37 146 150
30 37 75 131
35 37 122 139
4 29 141 158
37 37 117 135
2 5 146 151
19 32 117 120
27 27 126 144
2 15 152 156
26 30 1 28
19 25 162 162
35 37 123 138
3 24 81 124
4 25 125 154
25 35 47 106
1 34 162 163
19 24 66 135
12 29 64 111
3 34 110 157
20 26 76 159
7 36 70 94
36 37 111 114
29 32 117 137
36 37 119 155
13 20 156 156
34 34 55 145
9 36 8 26
23 30 7 70
30 34 52 73
35 37 16 86
8 20 115 132
18 29 85 125
28 33 36 159
22 33 150 162
22 35 103 132
25 37 88 132
15 15 101 106
32 35 136 144
17 34 23 124
35 37 32 161
31 34 113 122
34 37 8 108
1 20 88 158
18 23 18 153
11 26 54 62
32 36 107 135
7 37 91 131
37 37 21 24
29 34 112 148
19 37 66 142
27 32 17 130
36 37 75 142
7 11 28 41
5 26 53 98
33 36 132 150
13 25 117 130
16 36 106 119
9 34 60 128
1 3 120 159
10 25 60 119
24 31 159 162
9 30 122 151
14 14 11 39
6 7 20 106
33 36 116 129
14 19 71 153
36 36 155 163
3 27 109 153
5 10 53 65
14 31 60 103
28 28 14 69
13 30 57 148
25 37 70 161
8 33 118 140
21 37 128 150
10 16 48 110
36 36 86 101
2 6 152 161
25 32 96 96
14 31 64 162
30 33 139 149
29 30 132 147
35 36 58 126
24 30 116 158
30 30 113 115
2 15 59 85
25 31 5 23
8 10 133 139
17 28 128 134
32 37 127 157
37 37 119 147
5 8 81 86
8 14 31 117
20 20 164 164
34 36 97 163
20 37 72 130
20 23 51 91
13 37 91 111
5 7 160 165
1 35 41 92
20 20 50 105
17 24 162 163
5 30 56 126
8 15 70 154
30 35 103 118
23 28 75 75
14 37 89 135
24 28 118 165
36 36 17 141
5 9 2 97
25 26 125 154
35 36 72 95
3 16 164 165
18 21 2 155
23 23 141 155
5 10 22 138
2 2 105 113
12 31 35 85
6 33 69 97
12 36 33 149
27 29 15 98
4 24 2 112
11 13 24 63
20 27 147 152
6 18 56 129
6 16 59 73
36 37 161 161
36 37 39 77
14 32 84 124
10 20 137 153
37 37 90 154
8 13 64 140
16 31 107 134
27 31 53 87
8 16 64 109
2 19 140 145
35 37 88 93
35 36 163 163
26 27 75 136
10 33 26 99
33 34 161 163
21 34 123 163
2 15 63 71
34 34 67 117
33 37 35 165
3 13 162 162
36 37 16 71
22 31 42 152
29 30 132 136
28 30 159 161
33 35 25 28
7 36 133 149
25 37 96 159
20 20 53 130
22 26 66 143
28 29 146 157
8 12 20 125
32 33 40 67
10 23 62 104
30 30 42 96
19 32 41 58
17 18 139 153
11 29 12 76
19 31 41 79
1 26 14 104
16 21 26 92
24 37 65 67
23 28 44 86
14 32 24 137
30 37 51 146
33 37 159 159
8 10 119 160
34 37 152 154
25 30 55 65
28 31 114 116
2 32 147 165
10 10 94 98
36 37 30 40
19 29 104 135
31 35 27 40
28 33 13 101
13 14 58 124
29 34 102 106
3 10 38 48
23 36 78 138
1 12 116 120
7 37 34 154
34 35 101 118
10 29 103 161
29 31 154 155
11 37 61 88
15 16 33 157
7 23 162 165
30 34 34 43
24 37 82 158
34 34 18 141
34 37 155 162
19 21 69 121
37 37 32 156
35 36 85 94
31 35 30 58
21 24 113 161
16 17 52 93
33 33 140 146
33 37 96 127
27 27 68 156
37 37 141 145
20 36 156 160
37 37 25 40
26 30 99 154
4 8 10 38
10 18 91 103
23 25 79 144
8 8 122 132
11 35 60 63
36 36 133 150
37 37 42 72
27 29 155 156
33 37 99 128
34 35 12 122
14 23 50 100
21 35 106 130
9 33 159 162
3 34 121 157
35 37 108 130
25 34 90 110
16 31 55 135
18 19 53 85
1 21 26 122
22 32 31 88
27 36 51 54
8 16 109 148
22 28 19 84
17 27 109 129
30 32 92 148
2 6 54 91
10 24 77 98
32 36 1 126
9 16 160 163
3 21 14 88
23 30 2 132
30 30 125 146
36 37 8 50
34 36 112 141
35 37 23 125
25 34 29 51
9 21 22 67
23 28 94 138
8 24 104 152
6 20 97 154
7 9 148 149
23 26 14 44
25 35 161 162
8 18 75 127
37 37 98 149
5 13 78 93
25 25 116 142
1 5 85 115
32 36 105 133
17 27 52 152
28 33 51 53
35 37 114 131
13 29 156 161
34 37 160 163
17 34 27 33
17 23 9 104
23 31 92 150
31 36 46 80
7 7 158 158
9 22 87 135
1 12 11 165
32 37 50 51
20 21 35 87
33 33 115 159
23 34 50 90
14 36 68 109
5 28 52 83
9 19 54 72
37 37 139 143
16 34 46 155
26 33 95 123
2 16 162 163
3 18 123 143
26 37 52 52
19 29 136 163
6 8 61 85
6 36 22 25
33 34 1 40
15 18 9 57
14 30 132 159
2 28 5 155
3 7 104 105
31 36 97 110
19 20 50 140
11 25 162 165
28 28 153 164
29 36 47 156
15 22 157 161
21 33 160 162
27 36 24 128
15 29 48 60
31 32 132 164
9 12 17 107
20 28 5 116
30 31 132 160
23 34 162 163
34 35 100 146
33 35 31 129
20 21 62 63
22 36 86 145
12 14 97 140
24 33 64 152
33 35 48 59
19 26 36 94
4 14 13 53
27 28 42 86
12 26 68 91
11 19 48 165
1 8 145 148
23 29 146 152
19 35 22 138
29 31 16 36
31 31 113 120
30 31 144 152
17 17 130 131
35 37 92 133
34 36 163 163
25 33 37 116
12 37 31 82
31 35 121 137
14 35 44 71
22 37 120 156
12 14 99 150
24 32 8 133
32 36 161 162
10 16 29 137
11 35 137 157
26 36 117 151
1 19 129 139
11 37 9 23
13 31 134 141
20 36 122 131
16 34 107 141
6 12 15 133
9 20 37 130
33 35 30 49
19 31 24 162
2 27 41 105
27 35 110 137
32 33 2 89
21 32 93 105
22 37 103 158
24 26 140 147
30 36 24 39
36 37 55 83
5 30 123 158
5 8 56 128
19 34 21 129
21 27 34 74
30 37 128 146
18 27 51 63
7 25 4 138
34 34 120 165
22 32 25 36
37 37 141 144
20 32 148 160
5 22 82 113
25 32 18 40
24 25 54 68
32 36 82 158
17 36 117 154
3 33 102 158
27 28 37 44
3 28 100 146
1 3 81 144
24 25 42 144
10 24 11 18
32 35 86 97
37 37 82 90
37 37 76 136
17 22 144 163
23 37 37 109
20 33 57 68
3 18 114 134
25 26 103 110
24 28 113 146
1 16 43 127
27 30 6 79
30 32 46 91
8 8 139 158
19 30 93 155
23 24 115 137
4 35 139 143
23 35 124 125
2 31 71 78
12 19 146 158
4 8 150 162
11 36 59 141
19 36 70 156
33 36 107 119
9 24 55 162
33 34 78 99
2 19 54 112
11 36 15 43
24 35 56 89
17 24 65 72
9 14 123 149
19 25 82 165
17 21 124 153
14 21 110 118
34 36 165 165
24 33 148 148
14 26 114 143
25 32 87 152
12 20 136 139
11 37 85 126
28 30 57 145
36 37 83 146
13 30 50 51
12 37 102 142
30 34 45 140
25 29 112 120
37 37 109 144
26 26 53 140
22 30 118 119
5 18 17 89
30 31 42 79
27 28 121 122
36 37 81 150
23 27 141 157
21 33 73 110
20 32 16 23
10 29 142 157
24 37 52 135
37 37 105 141
22 22 43 147
37 37 1 98
36 36 6 11
25 27 40 109
33 33 20 42
12 33 77 94
26 30 135 159
6 11 134 144
37 37 69 136
21 35 26 135
21 23 67 77
37 37 2 61
18 23 83 162
12 19 69 70
37 37 66 142
5 18 143 143
29 34 76 156
31 37 97 150
9 27 125 165
9 9 130 156
36 36 30 52
30 30 100 133
19 30 88 97
10 27 149 164
4 11 137 145
22 31 29 134
8 11 34 103
8 33 26 162
25 25 32 72
24 34 155 158
1 32 34 44
28 32 112 153
10 16 85 117
21 37 30 67
6 18 18 23
14 23 162 164
25 31 25 27
14 30 103 162
14 37 158 162
8 9 67 84
33 36 115 159
4 37 110 150
12 25 44 73
17 31 62 78
32 33 165 165
2 12 121 144
21 33 33 37
17 23 148 160
2 28 99 102
37 37 21 82
32 32 59 109
14 21 151 160
19 29 8 106
8 30 154 163
12 12 131 141
21 34 144 155
2 26 108 159
20 26 71 141
22 24 104 111
17 26 19 66
34 37 27 59
3 33 93 139
35 36 142 157
8 22 92 126
10 27 135 139
2 35 157 161
28 30 137 147
31 36 23 32
16 26 53 69
7 14 148 152
11 18 136 160
6 12 92 158
1 18 42 122
14 30 162 164
11 28 65 74
6 7 130 160
22 34 56 86
34 36 110 123
36 36 124 129
6 33 150 153
8 17 30 44
29 34 67 80
9 34 149 151
19 24 113 120
25 33 144 155
25 29 142 156
36 37 148 162
34 34 76 108
24 28 3 141
3 23 95 118
9 28 123 152
20 36 131 154
11 21 111 149
2 30 124 165
16 22 85 120
17 33 73 152
1 17 118 120
37 37 83 90
22 33 12 20
37 37 15 80
19 34 14 159
11 33 30 63
22 26 158 158
24 26 57 134
37 37 74 85
30 36 40 124
13 20 162 164
13 16 93 153
33 37 131 134
5 26 15 47
4 9 154 163
36 36 158 165
17 18 70 99
4 18 90 131
25 32 159 164
25 37 71 98
2 24 139 153
26 28 47 146
23 32 20 130
25 32 128 163
8 33 12 104
5 25 133 154
22 27 93 95
34 37 98 159
15 35 143 147
28 29 81 112
17 31 155 156
1 37 91 148
26 27 60 155
33 36 26 131
28 31 60 162
11 36 61 107
37 37 98 147
12 12 106 106
26 35 107 129
32 32 25 137
7 10 78 110
36 37 155 156
26 29 21 109
36 37 76 131
33 33 101 115
8 22 62 128
16 20 107 160
13 16 111 131
4 15 106 113
10 10 51 112
8 28 43 115
34 34 27 97
17 19 58 145
8 12 141 162
10 26 5 134
7 32 122 135
18 37 51 61
8 24 29 71
36 36 84 126
10 15 141 150
8 27 57 135
9 19 128 143
6 8 68 86
27 28 24 129
37 37 79 89
2 19 58 149
17 19 144 159
22 34 116 142
26 32 120 146
30 31 110 137
15 23 161 161
24 33 112 127
35 36 59 106
22 25 157 159
2 14 134 141
23 32 105 150
29 33 164 165
32 33 64 147
33 33 134 151
27 28 36 87
20 20 36 72
33 36 10 52
20 23 112 160
8 36 93 131
36 37 164 165
26 33 160 162
25 30 77 160
35 37 11 154
22 25 90 145
18 18 103 130
24 36 66 165
17 34 139 140
11 35 27 27
8 24 97 119
24 29 123 144
25 31 93 94
11 37 62 156
29 36 105 138
3 35 71 142
7 8 165 165
7 37 11 83
15 37 146 155
28 31 129 138
13 19 152 155
13 31 160 162
22 23 85 108
17 18 154 158
25 29 118 158
25 36 19 68
6 13 79 96
2 9 63 161
9 14 55 156
10 30 107 146
2 37 128 133
36 36 37 93
16 17 2 70
31 31 96 99
7 21 125 157
15 22 89 135
18 24 47 131
35 37 156 160
29 33 155 162
30 32 72 157
19 21 124 144
24 35 140 147
10 29 149 149
4 34 45 144
14 33 30 104
19 30 159 160
5 20 112 153
7 14 82 104
33 37 57 153
27 36 149 153
28 36 31 130
3 6 115 158
36 37 31 124
17 23 3 23
34 37 39 100
18 37 47 79
6 19 120 149
26 30 17 36
14 21 82 113
36 36 54 111
34 34 50 60
35 36 83 122
9 37 12 144
21 29 13 39
18 25 92 132
23 31 25 156
6 11 15 66
31 36 104 141
16 32 120 121
13 18 1 81
21 37 131 135
19 19 41 67
26 32 118 157
27 35 64 111
24 31 114 119
28 35 142 153
22 23 73 160
7 32 120 146
8 8 45 67
20 24 33 69
32 37 1 24
11 23 41 114
18 28 115 155
1 20 19 139
1 29 13 99
4 16 7 122
30 30 14 33
37 37 90 157
30 33 22 150
35 36 7 131
3 18 128 130
10 33 106 151
22 28 159 160
11 25 70 76
11 12 28 72
37 37 92 120
7 29 153 160
3 25 154 164
24 34 99 100
4 20 66 89
18 20 87 140
1 16 94 154
36 36 118 142
31 36 139 150
20 34 129 154
21 36 37 165
17 30 150 159
32 34 147 156
19 31 139 153
20 31 122 143
33 37 52 77
1 34 51 116
31 35 70 117
27 27 135 135
9 22 129 135
19 29 34 165
24 27 84 149
2 14 69 81
18 32 68 115
16 29 51 98
4 21 140 151
21 26 163 165
3 34 26 42
5 27 58 106
35 36 119 119
7 34 29 36
16 17 150 161
25 37 22 114
12 34 88 136
7 32 63 129
8 26 106 114
9 30 129 134
17 34 104 161
18 27 132 157
25 27 17 154
25 35 105 138
25 35 157 160
21 30 45 161
19 23 86 120
28 37 45 111
20 24 154 158
12 16 109 109
37 37 139 141
28 34 40 132
35 35 39 101
16 25 7 157
27 31 7 37
30 36 152 153
20 20 117 127
32 32 59 86
16 34 152 164
20 22 12 18
6 24 31 61
21 31 159 161
17 22 160 163
10 24 82 119
18 33 87 91
21 34 95 114
10 16 123 145
23 28 70 146
24 31 79 159
7 12 26 93
34 37 54 95
36 37 164 164
6 9 130 146
23 27 34 41
4 14 39 46
35 37 73 92
37 37 22 126
26 36 149 149
15 25 77 160
30 30 73 165
18 37 52 61
34 36 124 163
9 24 164 165
36 37 11 33
28 30 40 105
26 30 12 102
24 24 56 68
17 31 161 165
35 36 33 118
36 37 153 153
9 28 115 142
20 30 34 34
33 34 151 154
2 17 155 165
21 27 4 65
35 35 25 140
19 21 147 153
18 36 89 150
33 33 125 141
21 23 33 164
30 33 88 103
20 31 23 155
12 15 82 145
32 36 83 130
22 30 92 125
25 32 105 106
11 12 41 53
16 25 78 123
22 35 31 44
15 19 156 161
20 21 115 125
16 18 57 147
18 21 108 118
12 29 138 162
7 30 5 138
3 15 83 162
12 36 72 143
16 18 124 125
26 26 127 129
11 27 143 163
28 29 134 160
27 37 165 165
22 30 29 143
2 12 2 93
29 37 37 95
3 17 141 154
3 16 106 163
36 37 69 144
7 28 144 144
6 26 14 154
25 25 106 126
33 35 62 129
18 24 24 81
36 37 66 151
21 29 124 155
10 20 13 90
28 34 47 101
10 11 45 92
33 36 23 125
31 36 55 69
27 36 147 156
23 34 114 130
37 37 23 155
3 31 79 143
36 37 111 151
6 21 57 63
13 23 54 154
28 36 152 153
4 21 163 163
14 15 109 122
23 26 111 113
16 29 143 156
15 34 113 135
11 27 51 60
14 36 31 39
5 18 111 111
6 26 121 125
24 34 101 122
31 35 103 143
27 35 67 137
19 21 16 75
31 36 48 67
16 19 118 145
25 32 4 87
10 33 75 153
14 20 41 104
8 24 71 89
13 15 123 147
27 28 25 102
15 17 104 130
9 20 131 134
31 31 7 48
35 36 158 161
25 35 150 163
26 28 119 139
11 24 139 140
26 30 23 105
25 35 46 108
4 24 64 78
26 33 56 103
5 19 41 142
34 37 10 163
5 16 103 163
11 26 2 72
32 35 44 55
25 25 70 76
22 31 149 158
10 12 44 133
36 36 82 110
30 37 12 77
37 37 46 161
5 23 43 63
11 15 123 124
36 36 57 86
13 24 149 158
24 26 59 122
26 32 46 67
36 36 31 98
15 26 100 117
2 26 134 149
27 34 19 47
13 19 95 152
9 25 157 165
35 37 1 106
33 37 4 8
20 30 133 142
11 20 62 135
22 23 159 164
30 37 145 148
24 30 41 165
26 28 136 152
34 37 69 103
27 34 123 127
9 21 158 165
1 7 76 128
24 28 21 124
30 30 50 99
28 28 120 126
15 20 146 158
12 23 131 133
33 33 165 165
21 24 10 24
1 10 64 120
24 27 25 145
8 15 89 138
1 27 83 100
1 9 125 127
9 33 124 132
12 14 19 66
5 7 156 163
30 30 16 103
6 7 142 152
36 36 159 161
33 36 48 136
19 29 36 109
24 35 7 95
18 24 111 164
20 26 12 55
10 16 165 165
24 26 149 160
27 37 129 157
21 25 70 160
12 15 61 152
18 35 80 101
30 36 32 117
10 35 7 99
3 24 40 112
18 24 133 155
12 24 139 164
12 26 78 86
3 34 7 102
24 30 20 94
11 26 24 135
33 33 61 135
21 34 40 66
9 32 44 123
26 34 127 132
24 29 21 50
17 19 73 79
18 29 117 161
20 21 23 101
19 19 75 130
21 28 79 88
7 25 122 164
31 35 46 87
37 37 52 154
12 20 12 96
15 30 58 148
31 31 66 117
20 27 139 142
28 34 85 124
2 28 40 155
8 29 130 137
17 23 97 135
37 37 146 158
27 31 81 100
24 32 81 140
22 34 122 134
4 22 47 103
6 35 68 119
9 30 42 59
35 35 120 152
2 29 111 158
37 37 8 82
11 26 48 135
28 37 123 155
23 24 103 157
19 30 138 155
2 28 47 127
22 32 108 146
37 37 125 159
7 21 149 159
30 37 34 93
37 37 141 158
14 25 10 43
18 36 97 103
27 37 73 78
5 32 85 118
18 26 144 147
18 18 91 154
10 33 105 135
33 37 120 153
28 29 135 138
21 28 13 105
14 28 147 149
36 37 15 131
26 36 54 57
5 16 10 40
2 21 116 136
23 32 28 59
32 36 24 124
10 18 14 59
31 33 34 89
6 22 66 142
34 34 70 144
20 26 42 101
23 34 34 141
6 13 147 161
14 37 133 151
20 35 14 156
17 23 78 125
24 31 99 116
15 16 15 151
29 36 24 93
18 23 142 164
26 26 84 85
16 24 146 158
9 37 133 140
5 16 108 150
3 20 14 152
21 23 135 140
8 13 106 134
10 28 125 136
16 23 130 151
37 37 132 154
33 35 8 69
22 29 24 136
16 30 144 148
9 34 131 136
11 25 75 151
7 21 14 122
17 25 28 96
8 21 102 140
27 32 123 165
1 9 109 117
8 8 40 161
14 21 53 131
30 37 52 60
31 34 15 100
37 37 80 122
12 27 91 127
36 37 48 48
30 32 50 78
30 36 98 158
32 35 78 79
12 13 67 67
33 35 52 79
36 36 162 165
16 17 124 146
13 14 11 38
23 23 150 151
35 35 95 129
26 30 165 165
26 35 6 34
21 30 9 147
17 31 92 153
36 37 58 88
32 34 49 119
24 29 109 120
25 33 79 102
13 30 81 145
1 15 97 141
29 35 12 71
34 35 49 165
1 15 124 137
29 30 14 89
12 16 149 160
14 16 138 139
10 11 126 165
33 36 120 159
2 3 97 139
10 13 27 117
9 19 19 163
1 3 122 137
35 36 45 105
4 29 53 124
33 37 90 107
24 36 131 162
12 14 79 158
14 26 9 38
23 36 33 82
22 33 54 75
31 33 3 51
9 33 142 159
27 35 62 152
3 3 89 161
3 35 124 157
28 31 5 26
34 36 58 138
11 32 84 102
24 37 97 98
7 10 3 8
24 33 122 139
14 15 5 149
35 35 47 48
22 32 133 148
5 25 135 165
35 35 93 140
30 33 85 101
24 35 100 145
23 25 83 87
7 19 142 153
9 10 125 152
31 35 86 98
5 33 41 101
17 36 123 151
18 24 75 95
28 31 96 155
17 35 93 153
5 12 94 111
36 36 152 163
28 30 120 157
27 34 84 90
18 34 135 162
21 34 97 163
30 35 26 120
2 16 124 147
13 22 58 87
35 36 1 29
25 32 107 155
34 37 111 134
4 17 145 164
35 35 27 117
4 30 32 77
24 25 162 163
16 23 162 164
10 36 84 84
30 31 111 142
16 21 59 117
37 37 69 85
3 27 63 165
35 36 133 151
20 28 111 126
21 31 164 165
36 36 18 93
23 23 18 163
11 14 34 112
19 19 107 156
32 33 78 122
37 37 39 54
32 35 67 104
36 36 25 75
2 37 150 153
6 29 32 61
1 36 116 162
13 28 5 67
21 34 6 28
34 34 3 143
28 30 136 155
18 36 15 53
18 28 151 161
34 36 54 142
28 33 30 81
10 29 22 32
11 32 107 115
5 18 51 137
28 29 129 153
21 35 52 138
28 36 121 148
22 36 96 148
29 31 23 142
4 35 111 150
15 28 115 124
3 31 87 110
13 14 127 129
11 36 53 143
21 30 92 163
18 30 76 95
10 20 119 120
3 33 133 162
13 26 81 135
9 19 42 70
31 36 94 142
33 35 16 146
26 26 64 116
33 36 146 150
11 27 91 134
14 28 124 129
28 36 96 119
3 26 54 88
22 35 24 90
13 14 125 144
9 25 80 126
28 36 74 126
36 36 123 133
27 34 88 134
29 35 62 91
23 35 38 107
10 11 135 140
10 28 88 156
35 35 17 142
28 36 155 158
5 32 28 110
23 24 17 146
21 21 160 165
23 35 118 144
16 21 109 157
3 35 151 151
1 13 77 161
13 13 8 16
34 34 4 111
20 22 102 104
2 9 43 59
37 37 113 123
19 19 28 136
16 22 19 119
1 35 160 163
17 18 69 154
30 31 94 99
16 28 3 7
4 34 43 104
10 16 52 107
35 35 24 135
27 34 125 128
34 36 110 144
36 36 140 147
34 37 33 81
19 34 139 143
30 35 121 145
16 19 71 140
13 30 147 155
9 30 133 147
28 34 159 163
29 33 139 150
16 17 118 139
11 12 46 55
36 37 165 165
5 6 21 150
13 23 95 95
3 5 124 163
2 7 104 132
2 13 53 142
11 14 138 151
31 35 81 134
34 34 9 113
33 33 108 124
15 35 153 153
24 34 12 14
1 36 160 164
24 25 105 148
16 32 165 165
12 31 28 80
25 32 149 149
29 37 89 118
28 34 18 150
12 13 147 161
19 21 56 89
27 31 137 155
26 27 67 130
28 31 61 75
3 5 27 34
7 21 158 158
3 5 150 163
12 29 155 162
22 25 138 154
35 36 20 45
21 23 45 150
4 17 88 146
21 32 148 163
35 35 61 157
32 32 19 19
30 36 119 138
4 18 43 109
17 21 112 155
29 33 62 123
16 16 141 145
27 31 120 125
24 26 64 160
13 14 33 42
16 33 162 163
28 31 61 83
15 36 98 135
17 33 141 160
19 28 131 163
21 34 24 131
10 28 149 156
28 29 34 115
29 29 61 140
5 31 53 115
30 33 24 156
6 32 33 118
21 37 153 159
25 28 26 125
37 37 76 165
17 37 151 157
19 31 64 119
11 27 68 99
9 31 51 94
20 24 97 115
14 29 163 163
33 37 14 29
9 32 148 151
28 37 42 74
9 19 97 119
10 18 2 55
13 32 82 134
37 37 60 88
14 19 30 87
2 11 111 143
3 30 33 155
26 35 158 163
8 19 163 164
5 19 137 165
1 23 91 131
27 31 142 165
13 29 128 158
36 37 73 163
29 30 106 136
6 12 75 98
25 33 129 158
6 21 58 156
13 28 4 25
34 34 68 125
6 33 144 161
35 35 46 51
24 28 26 127
11 16 8 18
1 29 45 157
7 37 95 103
15 27 107 153
11 28 106 159
26 26 84 134
4 34 46 131
5 9 161 162
2 35 53 79
30 31 6 95
14 30 159 159
21 33 16 140
30 31 164 165
9 13 157 158
12 21 140 149
5 13 78 89
4 20 128 164
6 29 69 118
4 15 115 119
35 37 164 164
23 26 84 86
36 36 41 111
9 10 5 72
24 26 54 62
36 37 124 151
17 32 24 52
5 15 16 89
2 10 26 130
16 27 143 149
26 36 13 87
23 29 20 67
18 35 143 147
14 21 98 121
9 25 56 98
2 31 63 77
32 33 16 164
33 35 111 160
35 37 128 135
32 34 85 127
20 24 120 143
32 32 5 65
11 19 107 111
37 37 105 159
34 34 128 132
14 16 159 159
6 30 111 138
29 37 126 160
33 35 116 152
24 27 144 151
5 10 118 154
19 23 164 164
31 36 100 135
37 37 4 159
11 32 107 118
26 29 161 162
23 24 143 165
27 33 144 147
21 24 141 161
29 34 26 161
3 22 113 161
29 34 64 88
20 28 155 160
28 30 60 112
20 24 163 163
13 36 153 161
26 30 1 52
2 8 14 72
30 33 54 100
10 20 25 68
14 34 35 158
18 24 19 63
9 23 18 102
18 27 75 88
35 35 147 163
12 36 158 160
6 30 130 141
5 22 77 104
31 31 146 157
19 24 81 151
19 24 74 83
29 32 10 64
22 26 82 156
6 14 72 119
26 35 47 125
10 30 62 71
1 32 109 112
29 34 22 44
31 34 86 130
25 32 73 125
12 27 118 119
4 31 12 104
5 32 36 81
36 36 129 148
35 36 61 106
26 33 118 127
15 20 84 131
27 32 93 101
4 14 54 152
34 36 15 112
8 14 118 135
19 25 130 132
16 35 5 143
29 34 121 156
34 36 150 163
11 26 5 10
17 27 25 159
11 15 52 118
4 26 57 91
29 37 31 102
17 22 23 126
17 21 106 111
9 29 61 154
14 33 129 163
28 35 85 154
32 35 66 132
25 36 23 51
12 20 46 64
27 32 43 162
2 15 29 48
27 32 141 157
24 27 159 160
35 37 152 162
10 32 51 74
10 19 137 148
25 26 142 163
13 23 137 156
6 36 157 163
9 32 1 2
35 35 20 109
13 13 1 8
27 37 3 92
27 33 59 162
23 35 91 162
34 35 35 141
9 11 51 124
4 27 124 159
33 37 95 130
32 35 115 135
22 30 84 109
19 28 104 112
9 15 50 121
30 33 4 85
12 30 68 137
19 29 35 154
24 31 16 51
17 30 112 160
11 17 159 165
7 25 83 90
23 37 30 66
24 26 115 122
3 5 96 148
5 15 133 152
5 8 133 136
24 31 13 80
24 31 41 63
7 18 9 165
12 17 68 136
4 18 47 63
7 33 150 153
34 37 104 111
12 31 57 143
18 35 66 123
3 29 105 137
28 29 10 43
26 28 105 145
35 37 86 134
33 34 15 88
5 10 17 153
35 37 43 49
27 32 115 132
20 29 127 127
3 16 128 161
28 31 79 134
8 30 25 106
25 29 85 163
29 32 132 140
11 19 112 146
8 35 7 91
7 16 143 164
31 33 150 160
4 33 49 159
35 36 81 100
20 24 102 163
8 8 102 111
12 17 35 96
18 21 31 47
29 30 38 102
35 35 145 159
7 31 39 162
27 27 37 102
4 13 78 110
30 37 24 94
3 36 16 24
28 28 86 86
1 34 152 164
15 25 56 162
30 30 82 145
32 34 79 162
10 36 106 158
9 35 43 102
11 26 106 116
35 37 40 152
7 16 126 138
20 21 146 161
31 35 145 161
21 32 24 137
35 37 42 79
26 29 8 40
11 13 137 160
8 36 134 152
5 31 90 152
21 30 16 91
8 37 92 96
20 22 71 93
9 23 63 79
19 27 148 158
35 36 46 72
20 24 106 126
18 21 82 140
7 10 128 150
10 28 18 66
28 34 110 113
23 32 97 135
1 30 144 152
11 11 59 120
21 24 3 113
37 37 1 104
21 29 69 157
1 23 135 156
15 17 66 115
21 34 135 145
21 23 62 157
35 37 103 127
33 37 48 79
11 32 97 160
24 32 4 27
7 34 27 83
9 20 110 120
12 20 78 111
36 37 161 162
3 12 76 132
13 19 57 72
28 34 18 155
17 36 7 112
35 36 108 159
4 29 96 142
37 37 124 133
36 36 94 136
18 36 162 165
26 30 40 59
27 29 40 150
35 36 107 136
11 24 136 137
26 35 27 139
28 33 40 160
6 11 123 159
36 37 37 70
19 36 32 127
37 37 37 132
32 34 41 116
18 28 87 150
19 31 59 139
22 22 131 142
2 17 67 124
36 37 82 100
13 14 120 151
12 28 127 149
2 27 35 86
33 37 78 160
8 21 64 157
34 34 94 96
15 32 108 124
17 31 16 64
6 22 24 111
21 37 56 161
32 32 149 157
29 33 1 14
7 31 50 92
26 31 71 113
29 35 149 156
35 35 28 163
31 35 31 60
27 27 97 146
30 31 146 160
30 35 22 26
7 36 129 142
32 37 83 114
18 28 44 117
36 37 149 162
12 19 1 6
14 30 13 155
23 33 78 117
12 19 133 143
18 33 36 62
23 28 6 40
18 33 29 137
25 37 150 152
19 23 52 98
17 19 44 62
18 28 73 77
7 28 76 76
1 10 5 59
20 28 82 109
35 37 45 63
25 33 147 152
30 34 142 158
3 21 119 162
13 31 11 112
28 31 132 155
3 9 32 117
15 37 151 159
23 32 83 151
4 20 90 112
29 35 12 115
30 36 94 128
30 37 54 76
5 19 134 160
34 37 18 19
21 27 77 106
32 34 88 97
5 29 122 149
35 35 10 62
37 37 42 133
35 35 76 139
25 30 12 64
33 37 100 114
22 24 54 97
22 30 55 151
17 25 145 161
37 37 121 154
20 26 77 125
22 32 109 151
24 37 43 81
26 30 51 160
36 36 128 146
24 27 15 30
10 28 101 117
9 24 49 87
28 31 65 81
29 36 21 57
14 33 155 156
32 32 26 53
5 9 86 153
18 32 52 155
9 25 114 144
7 25 149 152
23 35 29 164
19 35 47 108
12 31 102 140
21 24 43 134
35 36 51 55
30 36 37 114
2 10 29 156
16 18 100 107
6 32 103 137
23 27 47 104
25 31 163 165
24 25 152 153
37 37 125 129
32 34 59 69
32 37 132 153
32 33 91 96
5 9 31 131
37 37 129 136
4 16 81 143
32 34 162 163
26 34 77 162
26 35 76 127
10 33 106 114
37 37 67 147
36 36 33 76
7 20 148 160
25 32 15 36
17 19 59 75
3 6 58 150
24 28 102 123
15 23 9 59
27 34 10 32
36 37 51 123
34 35 85 151
6 19 49 68
33 37 146 149
10 16 40 92
14 27 102 163
12 28 130 154
4 14 89 140
24 31 38 108
7 28 122 154
20 24 75 140
33 36 58 165
34 35 117 149
27 33 95 147
21 27 69 89
21 23 39 134
21 37 113 155
15 17 110 124
23 37 47 80
25 26 137 155
6 7 33 82
12 13 136 142
1 25 164 164
12 18 49 129
5 35 107 130
32 32 65 135
9 24 107 107
21 21 39 45
18 19 55 133
33 35 4 41
8 27 156 160
35 37 57 76
30 36 135 146
21 28 42 147
12 36 98 163
26 30 24 113
9 12 90 94
10 28 93 156
15 25 43 117
15 30 70 76
24 26 50 137
35 37 53 85
16 21 103 147
3 16 139 141
37 37 146 149
17 25 24 28
14 25 142 145
1 15 26 56
29 37 103 156
14 20 27 144
22 23 42 51
30 31 108 140
18 28 24 104
34 36 116 164
13 36 46 146
3 6 35 139
18 26 154 162
13 24 140 151
6 15 126 136
25 25 84 152
24 28 31 158
8 16 82 99
35 37 91 112
12 29 158 163
15 27 76 143
15 28 32 163
4 26 40 46
32 37 120 121
30 36 91 112
30 32 84 141
23 24 67 82
33 37 75 90
30 32 41 41
35 37 40 140
22 24 146 154
2 35 21 79
16 32 47 149
5 30 11 42
12 21 103 162
20 26 98 162
17 21 21 32
20 26 11 165
22 27 83 115
21 25 47 89
28 31 7 95
37 37 116 161
14 37 122 158
33 37 91 112
13 23 153 163
14 26 117 133
36 37 52 149
4 25 27 149
35 36 74 123
4 26 51 91
18 30 152 164
10 27 81 123
5 32 156 164
34 34 79 94
25 34 162 162
10 16 141 142
13 25 108 113
34 37 80 128
7 8 23 105
16 37 80 134
11 16 110 162
33 35 71 145
9 30 145 154
30 36 115 159
3 36 36 131
28 37 28 88
18 24 94 110
31 34 116 138
37 37 122 155
19 30 20 144
21 30 106 142
27 31 95 122
31 36 31 108
5 21 89 118
25 30 40 59
37 37 144 156
35 37 31 122
36 36 102 117
32 32 156 157
33 35 76 163
33 36 73 159
11 21 17 49
16 17 161 164
3 4 154 154
23 25 149 156
4 7 120 165
34 34 86 136
32 35 42 158
18 28 47 66
5 20 17 60
10 21 84 153
35 35 1 150
24 29 52 59
11 19 85 136
23 33 78 93
27 31 139 148
12 19 49 147
7 23 21 154
5 27 151 159
4 36 93 111
18 31 69 91
32 35 11 112
23 36 125 136
23 30 65 77
14 32 69 72
2 35 162 165
6 19 42 48
11 35 144 152
16 35 158 162
14 26 75 103
15 30 3 139
37 37 156 158
37 37 52 164
36 36 138 161
35 36 83 143
1 21 113 126
25 27 147 159
14 14 2 100
18 21 98 126
24 34 33 123
7 29 157 165
21 37 95 126
32 34 112 151
20 22 29 60
33 37 26 119
15 16 141 154
36 37 130 161
19 34 100 143
3 10 72 87
3 19 73 147
23 23 44 114
33 33 23 162
27 31 95 159
6 26 94 147
7 35 72 79
5 22 106 121
34 34 23 103
21 33 150 158
7 18 145 145
15 28 66 136
34 37 23 43
1 21 47 56
28 34 108 110
2 9 70 115
35 36 3 7
22 29 133 157
34 36 25 77
11 16 88 136
13 28 68 105
25 26 146 161
31 36 147 149
24 26 78 155
29 30 33 86
37 37 113 130
33 33 151 162
22 23 131 152
19 27 52 150
5 15 82 134
22 23 33 127
4 36 134 148
36 37 143 156
1 6 76 93
20 20 96 154
9 10 48 74
9 15 8 50
35 35 47 115
35 35 127 158
28 32 42 115
30 33 51 161
23 32 47 163
19 23 135 161
22 29 74 151
20 37 55 78
24 33 69 110
22 24 119 131
22 22 164 165
15 23 49 145
3 30 108 160
30 31 75 134
36 37 111 120
32 35 146 146
16 30 54 152
5 35 21 30
36 37 64 150
32 34 107 132
29 29 135 164
5 23 104 112
20 21 49 153
18 35 18 107
8 10 36 138
29 29 50 138
28 33 10 65
2 36 20 25
16 22 61 85
20 29 33 163
22 37 131 155
8 31 15 146
28 34 134 156
33 37 53 94
16 28 28 47
9 18 73 94
9 30 25 117
8 15 68 122
30 31 28 82
11 15 137 138
6 28 56 119
3 31 134 145
32 34 1 148
6 22 117 145
23 28 59 144
27 34 132 133
1 24 114 137
23 29 109 136
20 36 134 162
14 31 165 165
28 30 129 147
17 20 159 162
34 35 155 155
11 25 54 158
1 35 131 154
5 30 4 108
3 20 84 150
31 37 158 165
37 37 120 161
3 30 4 49
23 37 30 162
16 29 135 154
28 36 51 58
20 25 67 100
5 21 119 153
8 12 27 146
28 37 61 67
7 9 99 138
22 22 106 107
31 32 101 126
25 35 142 147
7 33 95 107
28 32 128 132
33 37 47 120
35 37 16 82
5 32 104 164
30 33 38 87
17 37 73 126
17 32 96 137
11 25 5 61
15 20 44 93
10 37 31 110
8 22 3 84
31 35 143 160
34 34 98 104
36 37 106 162
34 34 5 55
13 14 122 147
33 33 92 116
4 12 41 59
28 32 159 162
12 18 121 124
25 34 124 144
8 19 84 116
1 28 67 77
32 36 19 73
21 37 90 126
15 29 141 153
28 35 139 157
18 37 69 111
35 37 162 165
10 14 161 165
17 26 160 162
6 27 35 99
32 34 107 165
11 23 36 119
27 37 31 90
8 20 36 49
22 37 150 151
16 30 86 144
5 30 121 130
26 34 33 129
33 37 11 100
11 19 63 150
20 23 161 161
22 26 21 30
2 4 152 156
22 25 55 130
7 19 66 70
16 19 19 138
20 27 45 148
34 34 85 86
5 15 114 142
23 35 113 121
23 29 128 159
36 36 116 162
4 22 91 136
18 36 128 155
21 32 127 157
8 14 74 126
3 20 103 132
31 31 11 68
25 30 78 159
30 35 114 163
4 18 15 113
4 9 10 38
3 21 16 86
36 37 74 118
34 36 75 127
17 25 75 121
11 37 64 144
24 25 4 94
29 37 155 160
33 36 54 84
13 14 10 42
28 28 41 117
1 22 12 48
27 27 96 98
4 29 108 143
21 24 44 101
37 37 156 164
4 37 29 106
25 32 45 128
23 34 56 74
22 35 99 118
16 30 104 112
13 20 128 165
35 36 35 153
5 10 16 73
16 19 62 89
21 35 141 155
25 37 82 131
35 36 123 127
25 26 48 69
9 21 84 129
5 26 93 130
11 17 160 162
34 37 20 129
12 12 77 95
6 10 92 132
36 36 60 161
36 36 19 50
21 24 163 165
30 31 135 152
5 6 63 86
5 5 80 101
24 26 94 142
25 28 77 101
1 17 38 108
19 19 21 153
17 28 17 115
6 18 70 105
27 27 60 104
22 36 23 150
25 33 147 148
23 36 90 95
33 37 28 153
30 33 105 144
20 36 20 163
19 20 35 158
23 28 53 88
16 28 54 152
3 6 34 157
3 16 5 28
1 35 49 95
14 37 61 150
10 17 95 102
13 25 4 155
11 26 83 162
13 14 12 17
26 31 54 74
24 33 141 156
5 19 105 110
34 37 131 153
16 22 60 86
11 22 105 153
31 32 109 143
32 36 112 137
4 21 58 161
30 30 113 160
34 34 152 156
20 34 115 148
6 7 27 143
18 20 152 154
32 37 165 165
20 33 67 132
23 25 28 163
11 27 32 46
3 36 106 137
11 18 11 42
30 32 3 128
9 25 39 131
20 37 63 95
33 33 79 127
20 31 35 39
36 36 97 165
24 32 59 95
3 10 27 107
16 36 39 60
34 37 16 135
4 15 121 142
8 19 47 69
21 26 75 144
27 37 69 156
19 19 49 154
22 37 144 159
12 34 86 101
1 9 13 134
17 37 124 142
27 32 140 149
20 25 107 146
28 29 94 105
3 21 21 86
28 30 48 158
31 37 53 80
22 34 161 163
4 19 141 142
3 30 91 132
14 32 144 152
2 2 98 131
17 31 6 25
4 12 97 118
21 33 82 107
28 37 33 158
11 26 56 91
37 37 19 69
14 17 35 52
6 10 32 162
23 37 10 20
27 29 11 124
20 37 25 111
25 37 74 159
13 28 140 155
8 15 131 155
18 33 136 155
5 24 6 155
35 36 102 150
12 16 92 143
34 35 129 148
24 30 101 140
16 25 8 24
23 26 142 161
9 34 26 163
31 37 127 141
2 6 57 120
16 28 161 161
28 36 109 150
16 29 153 162
12 16 92 136
29 36 56 68
20 28 74 162
12 17 51 95
27 29 25 117
36 37 29 84
6 9 73 120
33 35 62 88
26 36 26 72
20 26 155 159
37 37 82 131
28 35 62 74
12 29 89 159
7 18 7 151
21 32 9 89
33 34 59 104
15 30 33 66
36 37 53 93
12 34 106 156
9 22 45 125
5 32 26 84
21 22 141 152
14 37 136 153
15 29 96 153
7 7 56 106
21 35 86 121
37 37 5 117
5 25 151 157
12 36 101 165
6 16 141 146
28 36 137 161
30 35 40 147
21 26 69 157
24 26 115 147
15 24 16 72
21 26 20 133
30 36 92 163
10 32 18 144
27 31 93 114
22 26 69 104
36 36 115 134
3 18 16 142
31 32 57 155
4 23 22 101
25 29 160 162
2 26 99 157
19 37 130 136
9 9 117 148
8 37 46 122
7 36 45 79
3 9 53 144
31 32 67 109
20 28 123 125
28 31 93 105
6 36 107 110
8 8 31 98
1 26 132 164
33 36 91 113
4 24 146 150
20 28 107 109
17 29 81 131
33 35 16 16
11 12 14 154
17 19 83 147
37 37 60 137
7 22 124 136
1 4 114 117
8 22 12 99
35 35 98 153
33 33 162 162
11 17 69 121
37 37 55 163
30 34 118 143
33 34 26 27
10 24 159 163
30 32 161 163
5 32 90 90
30 30 134 152
20 24 42 58
26 29 5 33
18 20 120 130
14 25 122 162
4 12 78 102
10 31 80 160
15 22 81 103
19 35 51 113
4 17 100 117
22 30 82 100
8 30 5 89
37 37 102 108
12 19 133 150
24 27 97 118
4 10 8 8
32 33 152 164
18 29 41 159
36 37 65 77
2 8 163 164
11 37 132 135
7 13 140 148
28 37 75 124
24 24 63 151
12 36 113 119
28 31 63 73
10 31 85 150
9 9 146 163
32 33 19 50
25 31 92 123
30 31 150 158
27 36 80 141
28 33 50 76
33 36 76 89
28 37 72 157
21 21 55 146
5 34 78 80
33 34 156 159
15 33 46 79
29 37 128 129
19 29 83 140
14 17 61 153
27 34 76 81
33 37 1 115
23 23 52 58
32 37 55 84
33 36 61 73
34 35 150 157
25 29 100 108
36 37 125 152
32 35 122 133
9 34 89 139
15 20 53 141
15 30 144 150
26 37 128 141
29 37 134 156
25 26 68 109
31 31 113 156
31 36 116 143
31 37 124 149
26 32 68 153
14 21 43 56
7 21 69 72
37 37 4 76
1 20 42 62
35 37 83 99
7 15 114 164
16 28 6 80
33 35 154 162
8 12 127 146
23 29 51 159
20 22 42 144
18 26 62 80
20 21 159 159
17 29 147 159
7 26 19 93
23 25 26 28
17 36 79 131
15 36 98 163
21 34 30 163
9 24 81 117
2 32 100 138
19 26 78 106
13 32 150 152
11 22 162 162
35 37 132 134
20 33 135 152
18 23 91 156
21 21 111 115
7 7 64 116
8 30 3 161
17 34 128 161
27 28 149 156
29 34 32 105
16 36 82 143
4 13 72 103
20 31 67 161
7 21 90 128
9 31 24 127
30 30 154 160
4 14 40 80
3 25 35 106
31 33 140 160
13 37 140 151
8 24 158 158
19 35 122 152
9 16 75 80
4 15 23 100
3 28 100 123
13 24 116 134
5 19 143 164
33 37 89 95
29 31 159 161
25 33 66 154
8 30 106 117
8 26 104 159
11 15 102 114
29 37 60 104
30 35 97 139
5 8 6 127
9 31 46 71
8 12 65 162
2 30 157 164
18 34 54 160
2 23 146 156
8 23 71 139
6 23 101 127
25 32 1 115
5 11 8 62
6 14 143 154
18 27 132 160
2 36 43 120
7 30 33 117
26 28 122 150
15 29 148 149
25 37 127 133
24 26 15 119
21 21 63 136
8 11 116 162
21 24 43 156
11 11 6 13
8 33 155 165
28 28 132 159
24 28 24 30
33 33 78 94
12 30 51 108
5 13 69 119
35 37 147 158
6 21 43 119
25 35 2 20
1 35 56 142
19 27 82 140
19 37 55 151
11 33 70 160
6 9 59 137
25 26 108 111
15 20 13 121
35 37 165 165
15 27 122 123
35 36 10 163
13 22 4 52
23 37 132 162
35 37 42 70
7 30 67 139
17 36 50 128
21 37 6 54
11 14 35 91
27 35 82 135
27 33 69 76
12 14 154 163
2 13 9 69
16 34 10 61
28 34 127 151
10 21 95 122
27 34 161 165
26 36 117 156
18 37 84 149
5 34 19 32
12 24 14 123
28 30 88 138
2 36 17 71
2 15 150 161
29 29 94 115
23 24 150 165
28 36 45 53
21 35 11 42
18 19 75 127
10 33 151 159
10 14 107 147
11 27 148 161
12 23 57 132
24 35 153 164
26 28 123 164
12 31 131 149
37 37 119 120
35 35 149 149
10 10 118 157
13 13 163 164
34 37 46 149
22 28 128 163
19 23 63 119
28 30 123 129
8 30 130 131
18 20 87 161
6 19 8 36
5 20 77 102
12 28 163 164
35 35 75 162
28 31 105 155
31 31 27 33
29 35 8 160
5 30 8 62
25 31 88 113
4 33 154 161
25 28 4 42
30 34 7 116
36 36 134 157
5 16 118 140
4 10 139 141
31 31 27 128
30 30 27 59
22 31 14 20
15 15 64 121
3 3 161 161
16 29 27 120
9 24 61 119
15 15 9 115
25 29 74 84
31 31 48 138
2 37 117 126
11 12 57 141
3 16 105 141
6 24 40 153
10 31 88 108
27 36 8 20
16 26 7 92
16 22 8 71
37 37 152 164
18 26 68 143
14 26 23 131
11 32 76 129
30 33 67 114
11 20 139 143
22 35 94 145
4 28 19 53
31 36 110 118
9 12 112 142
24 28 73 163
26 32 163 165
32 36 103 130
9 14 78 80
16 37 60 62
34 36 108 118
2 36 80 84
17 25 53 54
4 13 99 143
23 26 133 165
13 33 23 70
13 31 115 158
16 21 145 160
14 19 91 129
30 32 85 102
31 35 63 160
33 34 62 114
32 33 9 69
20 32 54 80
8 31 143 145
34 37 62 101
24 32 145 156
18 22 119 162
1 5 135 146
36 36 6 25
37 37 109 115
36 36 60 84
25 32 16 19
35 36 146 157
34 35 98 141
31 36 67 106
4 4 127 131
4 20 68 148
3 29 24 40
21 21 145 161
11 34 113 122
20 24 61 150
7 34 93 125
36 36 162 163
17 36 14 91
4 37 34 126
9 30 120 148
31 36 132 146
15 33 122 143
36 36 29 161
3 21 118 136
1 13 154 159
21 31 20 101
15 18 96 165
34 37 114 149
24 36 83 134
2 14 20 66
17 26 119 132
5 26 93 122
28 33 17 154
15 28 129 134
29 36 156 162
3 18 157 157
35 36 26 148
18 27 96 164
4 28 71 121
5 10 149 164
20 35 28 76
34 35 125 151
14 18 7 26
29 33 151 157
30 32 65 83
28 30 26 73
1 35 153 161
33 37 126 165
21 21 68 95
26 29 19 116
3 18 39 102
37 37 93 131
34 34 23 118
18 31 143 160
24 24 78 98
2 36 111 114
13 35 116 119
36 36 5 28
34 35 15 137
26 26 136 164
1 13 128 144
6 37 94 119
21 21 107 145
15 20 15 74
14 28 127 160
37 37 140 155
33 37 32 110
2 26 19 157
31 35 81 140
12 14 27 57
8 33 48 48
8 29 22 51
3 8 111 157
12 37 60 140
37 37 33 128
4 36 42 106
5 17 152 155
10 25 160 161
7 32 116 117
37 37 93 158
4 25 97 151
27 32 57 81
18 20 24 99
20 30 83 152
36 36 4 15
37 37 65 85
22 24 11 43
13 26 164 165
26 34 129 159
5 27 51 125
16 21 6 22
24 37 152 162
18 29 32 52
5 32 138 149
23 34 23 73
6 12 56 107
17 30 145 153
30 32 96 164
17 36 103 156
31 32 163 165
19 30 107 149
20 27 141 159
19 20 34 60
4 18 97 137
13 18 57 119
35 35 90 163
27 29 85 112
35 37 69 73
31 31 10 107
24 24 90 155
30 35 40 94
9 12 117 129
28 31 45 119
14 28 33 42
14 27 71 110
8 18 44 149
17 36 68 156
23 31 42 98
19 30 63 150
1 10 153 153
5 15 54 125
20 22 152 157
30 30 134 148
12 24 45 62
5 13 24 135
9 27 68 85
34 34 95 155
13 29 25 46
23 23 9 120
25 27 86 89
25 35 102 103
23 27 76 108
12 32 85 143
17 21 124 132
19 24 91 97
6 12 119 158
34 37 57 63
19 28 82 137
28 35 66 131
27 35 159 163
7 35 40 148
30 30 114 158
37 37 1 82
1 37 60 89
28 36 33 118
28 30 97 111
12 20 98 161
13 28 26 44
36 36 59 129
19 30 163 164
30 33 1 69
2 37 68 86
2 33 120 160
10 28 92 97
25 37 15 143
12 28 160 163
20 34 58 140
13 34 108 157
28 33 121 126
4 36 46 113
32 32 64 132
8 17 34 70
28 37 12 67
35 37 78 97
11 15 91 102
11 18 17 39
29 30 62 109
9 16 32 120
7 29 86 142
25 34 109 113
16 37 7 41
17 29 126 161
8 25 120 145
32 35 95 102
13 13 55 148
16 25 21 54
10 17 10 149
6 9 154 163
19 19 28 34
35 35 5 65
7 37 162 162
6 13 128 151
23 36 111 136
13 30 9 164
1 15 92 108
33 37 109 153
16 25 136 156
12 26 148 148
20 28 145 145
37 37 131 134
9 13 130 154
27 33 69 104
29 37 70 139
29 32 27 133
2 21 67 143
24 34 5 94
2 23 134 141
5 12 42 139
6 30 57 150
23 28 136 150
7 16 74 142
5 18 121 139
18 19 67 118
28 36 163 163
32 33 104 118
36 36 120 139
32 36 81 93
10 12 5 75
18 26 84 123
10 18 22 37
21 28 120 160
35 37 46 105
33 34 85 88
19 19 65 92
25 31 44 142
31 32 27 119
33 35 104 148
18 29 68 163
14 24 38 140
3 20 126 157
15 28 20 164
12 23 152 154
18 37 52 124
28 32 31 141
16 19 29 150
18 36 154 156
31 31 93 153
36 37 33 63
31 32 153 164
35 37 111 117
23 25 133 155
2 32 104 144
29 29 66 93
24 28 104 146
33 37 36 162
30 35 18 75
35 36 145 153
21 30 10 116
36 37 103 110
2 8 88 112
20 26 27 112
34 34 95 134
29 31 139 158
2 29 144 157
2 30 43 138
32 37 40 66
16 36 135 153
13 21 115 156
25 35 157 163
26 33 122 144
18 20 134 146
18 35 11 123
26 27 134 150
5 37 2 136
19 25 49 114
36 36 23 126
11 36 19 137
9 21 3 7
19 33 4 132
15 18 13 142
18 19 21 135
22 23 156 164
11 35 120 121
27 30 131 139
17 28 62 88
36 36 88 150
37 37 164 165
14 37 150 158
3 34 43 120
4 11 140 158
19 34 129 147
1 24 88 114
21 36 99 140
11 22 27 121
34 35 22 23
33 35 53 55
24 29 100 144
34 34 58 105
36 36 85 103
26 37 54 89
26 31 123 127
24 36 50 125
22 22 55 72
15 15 21 35
15 15 4 5
33 33 146 150
9 12 17 105
10 28 124 144
15 29 27 127
26 37 154 155
19 25 129 149
30 33 139 157
15 30 37 79
33 36 130 152
20 27 125 160
10 35 115 125
21 35 14 86
30 33 141 155
14 25 1 80
30 30 81 85
28 28 64 97
8 16 119 137
28 28 151 152
2 9 57 63
27 28 58 155
30 37 45 66
11 28 36 84
29 30 115 127
30 37 6 63
27 29 59 83
4 29 112 135
23 35 62 104
18 26 74 152
36 36 87 164
12 35 139 142
33 35 10 106
30 31 27 64
26 35 41 54
20 29 84 120
30 35 72 77
9 23 121 143
11 24 30 57
13 16 58 132
14 14 119 151
27 30 101 140
17 18 1 99
29 34 27 152
31 33 146 151
3 11 155 161
36 36 42 129
35 35 54 156
37 37 39 79
15 24 117 164
27 28 116 144
15 35 144 160
30 32 121 125
4 32 154 165
5 29 128 160
29 29 126 149
36 37 104 164
30 36 19 119
29 33 85 94
10 21 131 137
30 35 143 157
30 33 118 139
30 34 93 131
4 37 108 152
1 5 128 144
22 24 161 164
10 14 111 153
7 13 114 130
36 36 90 164
29 36 111 141
8 28 44 101
18 18 129 145
22 32 164 165
3 28 47 104
31 32 92 153
28 29 146 159
35 37 15 31
29 29 11 27
10 18 105 151
32 33 128 137
17 36 140 154
9 12 85 85
21 27 26 43
21 30 67 94
22 22 143 146
30 30 131 149
9 24 8 112
31 35 75 128
20 20 50 62
36 37 83 144
35 36 117 160
23 28 82 147
35 35 83 154
24 36 66 137
31 37 51 129
6 25 62 63
35 36 3 27
30 35 90 158
36 36 97 161
32 33 37 164
10 37 58 94
19 20 50 163
16 17 112 156
21 27 105 148
11 24 163 165
29 33 133 150
18 22 82 92
10 25 81 121
23 31 38 42
6 11 51 95
18 26 23 48
25 37 159 162
9 20 55 165
12 23 155 163
28 35 139 164
29 31 28 115
17 21 62 164
34 36 61 84
13 37 156 162
16 23 164 165
12 34 74 141
28 29 154 163
19 22 69 125
34 35 92 151
24 28 108 124
9 13 95 151
11 16 67 86
19 30 142 145
34 34 52 144
32 33 47 88
31 37 50 153
8 19 14 129
18 20 9 138
14 25 67 105
24 37 147 162
6 12 3 16
25 25 16 37
26 31 56 59
27 28 165 165
12 32 37 90
12 37 65 95
17 26 37 118
16 27 26 70
5 36 45 94
2 4 1 124
23 26 153 163
21 23 143 165
1 12 115 154
5 21 48 97
19 34 8 152
34 34 137 140
2 20 17 107
1 27 61 75
29 33 40 102
4 28 127 146
24 36 150 151
17 25 63 103
2 5 87 103
31 33 39 70
36 36 44 151
9 20 1 152
19 36 159 164
19 27 163 164
29 32 105 134
21 37 131 154
30 32 37 45
15 21 65 121
35 35 89 147
9 14 128 152
13 28 105 107
29 36 60 148
5 25 157 160
37 37 142 164
23 24 12 152
36 36 53 97
12 32 141 164
4 12 80 159
36 37 48 88
11 26 117 118
24 32 74 134
2 7 16 72
23 24 28 100
28 30 91 118
30 31 91 115
9 9 151 163
25 25 56 110
29 37 81 98
36 36 105 157
34 34 71 74
31 34 124 158
26 34 154 158
5 13 164 164
12 13 38 90
31 31 109 122
11 31 114 152
2 31 108 139
27 27 104 148
27 37 76 153
34 34 107 158
25 26 57 129
29 29 86 139
30 30 3 48
29 31 1 104
1 20 35 36
37 37 13 144
12 30 137 141
36 36 83 126
25 36 106 152
8 33 113 142
1 2 110 152
18 23 38 48
18 22 126 139
14 18 116 157
11 32 8 23
30 30 73 153
12 34 19 60
10 36 81 120
10 15 37 145
35 35 152 159
26 30 157 161
20 23 35 82
17 34 158 164
24 37 60 110
16 37 124 131
24 28 157 163
13 34 133 153
5 23 52 134
14 26 51 148
11 12 94 117
20 33 47 74
8 30 20 47
4 37 16 69
17 21 148 154
32 37 68 92
26 37 75 95
21 31 29 141
6 8 114 150
2 35 32 44
11 31 135 156
31 35 55 113
29 32 139 156
12 23 86 116
27 33 105 107
28 29 147 163
35 35 72 149
21 30 159 164
16 25 57 84
27 34 98 114
13 28 9 155
18 20 163 165
17 26 6 91
12 30 41 138
25 26 138 161
6 15 9 143
34 36 24 150
2 9 81 102
29 31 151 159
33 33 29 34
22 24 105 143
4 30 29 151
32 32 87 124
5 36 55 82
5 32 45 113
1 36 163 163
29 33 84 133
30 33 54 72
17 32 61 84
16 32 110 112
29 34 83 83
35 37 91 119
31 31 105 150
29 36 69 142
28 28 80 89
10 13 27 97
30 30 86 153
5 14 161 163
12 12 12 86
16 30 24 134
5 19 97 115
27 28 134 138
18 37 20 64
10 27 133 153
20 24 70 125
37 37 8 119
29 33 13 53
12 34 31 135
12 25 105 123
1 11 76 164
13 22 113 128
24 34 144 147
33 35 51 83
18 25 37 122
7 10 62 132
33 37 113 143
7 22 89 141
12 33 122 150
21 24 6 153
23 27 140 164
32 32 84 161
19 26 28 130
21 37 87 92
34 35 5 83
18 23 92 128
31 34 23 156
26 31 76 150
3 26 123 140
25 29 139 150
24 30 10 18
27 31 134 134
34 36 130 146
27 33 162 165
24 32 104 108
20 33 127 160
30 30 156 158
29 35 46 76
22 29 4 102
7 29 68 142
23 27 115 159
4 6 154 163
5 32 30 54
3 33 105 145
6 17 54 70
35 35 139 165
24 30 136 157
11 30 147 148
25 37 148 156
27 34 63 153
33 37 96 146
34 37 33 108
31 37 111 126
21 25 126 146
31 36 133 157
27 27 154 154
22 27 73 140
8 17 71 122
20 25 88 121
28 37 150 159
34 34 42 85
13 18 151 161
32 34 16 18
6 21 45 122
35 37 9 54
13 29 141 163
8 30 153 157
6 23 103 106
12 25 123 139
7 30 70 109
22 29 165 165
6 17 159 164
33 33 22 135
3 12 146 161
37 37 71 75
28 30 154 163
15 29 53 119
7 28 101 139
27 34 122 127
13 24 132 141
31 33 162 165
31 32 36 50
25 29 47 104
13 20 128 145
22 24 8 94
5 35 24 133
24 35 58 129
34 34 13 163
13 22 54 85
34 35 56 104
29 34 65 120
23 30 48 79
26 37 83 128
3 30 72 135
23 23 151 158
11 31 87 144
20 20 11 132
11 27 1 109
32 32 98 118
34 37 144 156
6 23 108 122
6 20 50 68
6 37 158 158
35 37 94 165
11 23 45 103
23 31 12 33
1 19 45 70
9 13 92 119
22 37 161 163
30 36 145 153
25 25 23 98
27 29 125 148
7 25 70 80
15 28 81 164
27 31 23 139
23 36 101 119
27 34 140 162
2 8 127 140
12 13 39 157
9 15 83 131
12 23 155 157
22 31 103 139
27 36 49 108
22 31 58 110
12 32 26 56
6 10 76 102
13 32 45 147
17 30 10 116
22 26 150 159
8 31 122 140
17 21 94 138
5 5 41 71
29 33 30 57
18 26 160 165
8 18 2 112
29 33 120 147
6 17 14 60
19 20 137 140
15 25 10 122
20 24 50 96
16 32 121 152
22 22 125 137
16 19 99 104
3 4 55 141
2 33 25 80
1 2 102 147
3 10 157 159
33 34 98 119
21 30 83 89
25 27 146 158
17 32 86 147
8 18 153 159
13 31 39 81
6 8 141 147
33 33 98 126
21 24 25 156
18 35 116 143
4 23 70 120
28 31 134 143
28 28 131 165
4 12 101 133
37 37 140 154
16 37 131 131
35 35 9 31
27 28 157 164
12 29 17 51
8 37 74 114
29 37 104 161
3 22 126 163
5 13 38 73
4 23 64 67
23 26 124 141
32 32 64 64
36 37 38 117
33 37 13 90
5 11 7 50
10 24 95 120
4 30 2 28
30 33 11 26
23 26 111 145
6 32 7 129
9 12 139 158
29 36 155 156
33 34 42 61
36 37 146 154
25 26 142 157
36 36 68 101
35 35 12 45
25 34 78 138
20 29 18 72
2 8 10 46
36 37 13 35
35 35 33 76
29 31 102 145
31 31 41 97
14 17 23 96
26 27 108 160
9 26 164 164
15 29 112 118
3 11 22 125
33 35 118 137
14 20 15 113
36 36 26 29
24 24 49 89
11 17 9 11
37 37 26 57
29 34 156 156
36 36 54 55
4 34 91 111
29 34 14 140
4 13 56 72
22 24 140 163
3 28 14 50
33 37 21 103
7 9 143 162
26 32 92 153
21 26 46 58
4 33 115 157
4 7 108 120
28 34 129 162
13 17 106 153
8 29 114 155
31 36 78 81
21 32 115 156
2 36 104 107
36 37 137 149
7 20 153 165
10 37 149 162
18 30 11 87
9 9 92 132
25 26 47 137
28 37 131 131
23 30 91 98
23 33 160 163
21 28 86 164
29 34 24 114
16 16 35 130
15 19 43 101
32 32 160 162
27 36 94 132
12 20 67 71
1 10 40 148
6 20 27 164
34 36 30 114
21 30 137 152
25 30 55 142
29 35 52 109
22 28 18 104
6 17 83 146
18 30 112 151
22 23 163 165
24 32 43 102
30 34 35 162
2 31 115 157
7 29 64 78
27 32 142 158
12 26 138 158
11 18 125 151
21 35 141 163
9 17 53 131
37 37 12 146
23 25 53 63
19 27 162 164
29 31 137 142
23 30 17 133
28 35 28 152
10 25 152 160
12 35 50 62
13 21 106 143
21 31 22 61
25 35 52 63
32 37 10 155
7 10 152 154
19 21 143 143
7 15 73 149
2 28 130 160
16 34 11 67
17 26 29 139
30 35 159 161
33 34 57 92
20 21 61 136
32 36 57 78
6 28 142 147
28 32 131 145
6 25 5 56
4 31 5 81
19 22 7 11
13 21 36 104
22 34 118 143
25 35 27 68
25 30 13 106
31 35 148 165
7 27 103 136
6 27 71 105
8 35 106 143
7 20 26 154
13 17 67 119
9 9 121 151
10 24 10 15
22 25 97 102
18 35 81 139
16 17 37 164
31 32 90 153
37 37 6 147
17 30 58 131
26 31 59 129
18 30 102 135
28 35 139 150
4 7 29 63
5 30 81 148
27 36 22 136
17 32 147 161
8 37 67 78
11 20 82 159
27 27 82 155
33 34 159 159
15 19 126 162
21 33 157 163
26 31 95 108
2 32 140 143
29 36 18 120
12 19 52 103
24 25 112 149
11 18 118 152
9 28 126 133
36 37 109 125
22 37 48 97
32 36 59 81
24 25 118 156
37 37 76 119
22 35 153 163
1 25 101 118
24 27 38 79
25 27 144 155
29 33 104 107
34 36 110 145
13 18 67 99
29 31 15 143
16 16 107 145
5 13 93 156
25 26 19 79
13 37 36 124
4 22 130 149
21 34 90 126
17 34 138 164
31 31 27 97
22 24 148 155
14 34 113 157
