10 3 7800
7 426 347
850 957 851
397 316 80
768 161 487
76 10 846
801 92 996
378 602 353
810 608 705
62 791 529
233 177 548
6 8 3 3
2 8 1 2
5 5 2 3
10 10 1 1
2 2 3 3
6 7 1 3
6 9 1 3
5 8 3 3
2 9 1 3
4 6 1 1
7 10 2 2
8 9 3 3
4 7 1 2
5 8 1 2
1 5 2 3
8 10 1 1
7 9 3 3
5 7 2 2
3 10 3 3
10 10 1 3
5 5 3 3
6 6 3 3
6 6 1 2
7 8 2 2
7 9 2 3
3 8 2 3
4 9 2 3
8 10 2 2
10 10 3 3
5 9 3 3
8 9 2 2
4 5 2 3
8 10 3 3
3 8 2 2
8 10 2 2
7 9 2 2
4 10 2 3
5 9 1 3
3 9 2 3
6 6 1 3
7 10 3 3
1 2 2 2
3 8 3 3
8 10 3 3
2 9 1 3
10 10 3 3
10 10 1 3
2 6 3 3
2 8 1 2
6 7 3 3
2 4 2 3
3 5 2 3
10 10 3 3
10 10 3 3
10 10 1 3
2 10 2 2
3 7 1 2
3 3 2 2
4 8 2 3
7 10 3 3
9 9 1 2
8 9 3 3
10 10 3 3
5 5 3 3
6 7 1 3
6 8 1 2
2 3 1 2
10 10 1 2
10 10 3 3
4 8 3 3
1 8 3 3
2 8 1 1
5 6 3 3
4 4 1 1
8 8 3 3
9 9 1 2
9 10 2 2
5 5 2 2
9 10 3 3
8 10 2 3
8 8 2 2
4 9 1 2
8 9 2 3
6 9 2 2
7 9 1 2
2 4 1 3
4 6 1 2
9 10 3 3
5 9 1 1
1 10 3 3
3 10 3 3
2 10 2 2
6 10 2 2
1 8 3 3
8 10 1 2
4 5 3 3
3 9 1 3
1 8 1 3
1 2 3 3
8 9 2 3
7 10 1 3
1 6 3 3
8 8 3 3
1 8 2 3
8 8 2 2
4 8 2 3
5 6 1 2
2 4 1 2
6 9 1 3
5 10 3 3
10 10 2 2
5 10 1 2
10 10 1 1
6 7 1 2
4 10 2 2
10 10 3 3
5 6 1 2
5 6 1 1
6 8 2 3
7 9 3 3
9 10 1 1
7 8 1 3
2 7 3 3
10 10 3 3
9 9 3 3
9 9 1 1
4 8 2 2
3 5 2 2
1 9 2 2
2 6 3 3
10 10 1 1
6 8 1 2
10 10 2 3
9 9 3 3
2 7 2 2
8 8 3 3
9 9 1 2
3 10 1 3
8 8 2 2
3 7 2 2
7 10 1 3
5 8 2 2
6 7 2 3
2 5 3 3
4 5 2 3
9 10 1 3
5 8 3 3
6 8 3 3
7 7 1 1
6 7 2 3
5 10 2 2
8 9 2 3
7 8 2 2
3 10 1 2
9 9 3 3
3 6 1 2
8 9 2 2
10 10 1 1
5 10 1 3
2 2 2 2
2 6 2 2
2 5 2 2
6 10 1 1
4 5 3 3
9 9 2 3
10 10 2 3
6 6 2 3
6 7 2 3
8 9 1 2
10 10 2 2
9 10 2 3
3 9 2 2
4 6 2 3
10 10 3 3
10 10 3 3
8 9 1 2
6 8 2 3
2 10 1 1
6 6 3 3
9 9 3 3
6 7 2 3
4 10 2 3
3 6 1 3
10 10 1 2
1 2 3 3
9 10 1 2
4 4 3 3
8 10 1 1
1 3 2 3
8 8 3 3
3 4 1 3
2 7 3 3
9 9 2 3
6 7 1 3
7 7 3 3
3 5 3 3
4 4 1 1
4 5 3 3
4 6 1 2
7 8 3 3
6 7 1 3
3 8 2 2
10 10 1 3
4 9 3 3
9 9 2 2
6 9 2 2
5 9 3 3
3 9 3 3
4 9 2 2
3 7 1 2
6 8 2 2
5 7 2 2
9 10 1 3
2 8 3 3
6 7 2 3
2 2 3 3
9 9 2 2
6 8 2 3
3 8 2 2
4 8 3 3
7 9 2 2
2 9 1 1
5 7 3 3
5 9 2 2
9 10 3 3
1 3 3 3
4 8 3 3
8 8 2 2
2 6 1 2
6 10 2 3
6 10 1 1
10 10 2 2
10 10 3 3
9 9 1 3
2 4 3 3
8 8 1 1
5 10 3 3
7 10 3 3
7 9 2 2
8 9 1 2
9 10 1 3
3 4 3 3
5 7 3 3
2 3 1 3
4 6 1 2
2 5 2 2
1 3 3 3
6 10 2 2
2 4 1 2
9 10 3 3
5 9 2 2
6 7 3 3
3 3 1 1
6 6 3 3
5 6 1 1
4 7 2 3
5 10 1 3
6 6 2 2
7 8 3 3
1 7 2 2
5 8 3 3
2 2 3 3
10 10 1 1
4 7 1 3
5 6 3 3
6 9 3 3
5 6 2 3
6 8 2 3
4 8 1 1
9 10 3 3
9 9 1 3
6 9 3 3
8 9 1 2
7 10 2 3
4 4 3 3
9 9 3 3
2 3 1 1
4 10 2 3
10 10 3 3
9 9 2 2
4 7 2 2
7 7 3 3
3 3 2 2
5 8 1 3
10 10 3 3
10 10 1 3
10 10 3 3
10 10 2 3
6 8 1 1
8 9 2 3
2 5 2 3
2 5 3 3
4 9 3 3
3 6 2 2
2 8 2 2
5 8 3 3
8 8 2 3
6 10 3 3
8 10 2 3
9 9 1 1
7 9 1 1
7 8 1 2
5 7 1 2
8 10 2 2
5 7 2 3
5 5 2 3
6 7 2 2
8 9 1 3
6 10 2 2
5 5 3 3
6 10 2 2
9 9 3 3
3 4 1 3
4 5 2 2
5 7 2 2
4 8 1 3
2 4 3 3
7 9 1 3
4 6 1 2
1 10 3 3
8 10 3 3
10 10 2 3
2 5 2 2
9 9 1 1
8 9 2 3
9 10 1 1
7 8 1 1
7 10 1 2
1 5 3 3
6 8 3 3
9 9 2 3
6 6 2 3
6 9 1 2
8 10 2 2
2 9 3 3
7 7 3 3
1 7 3 3
5 6 1 1
6 7 3 3
4 5 1 3
3 4 3 3
8 8 1 1
7 8 1 3
9 9 2 2
1 1 1 2
6 7 1 2
3 7 1 3
1 9 3 3
10 10 1 3
7 9 3 3
7 7 1 2
7 8 1 1
3 9 2 2
2 8 1 2
6 7 1 1
3 5 1 3
1 6 3 3
8 10 2 2
6 10 3 3
4 4 1 1
7 8 1 2
6 7 3 3
6 9 1 3
7 8 1 1
1 7 2 3
6 7 1 1
4 8 3 3
8 9 1 2
8 8 2 3
2 7 2 2
10 10 3 3
3 6 3 3
9 10 3 3
8 9 3 3
2 6 3 3
4 7 2 3
2 7 2 3
5 8 3 3
1 9 3 3
10 10 3 3
8 9 1 3
5 8 1 1
2 4 1 1
8 10 3 3
7 7 2 3
9 10 2 2
10 10 1 1
7 8 1 3
7 9 1 2
4 8 3 3
10 10 1 2
5 9 1 3
6 9 1 2
8 9 2 2
6 6 3 3
1 6 3 3
4 5 2 2
8 8 1 2
8 8 2 2
4 5 3 3
2 3 3 3
4 7 2 3
6 9 2 2
1 5 1 1
4 9 2 2
3 8 3 3
4 10 2 2
4 5 2 2
5 7 1 3
4 7 3 3
1 6 3 3
8 8 1 3
6 9 2 2
9 9 3 3
1 1 1 3
6 8 3 3
4 7 1 3
3 10 1 3
6 8 2 3
8 9 2 3
5 7 3 3
9 9 3 3
6 8 1 1
10 10 2 2
6 10 1 1
4 10 1 1
4 5 2 3
6 9 2 3
6 6 3 3
9 10 2 3
10 10 3 3
2 4 3 3
6 10 1 1
10 10 1 2
4 8 3 3
10 10 3 3
1 2 2 3
1 2 1 3
9 10 1 1
9 9 3 3
2 4 1 3
2 10 3 3
6 8 2 2
7 10 3 3
8 8 1 1
6 6 2 2
7 8 2 3
2 8 1 3
3 6 2 2
3 5 3 3
3 8 3 3
9 9 3 3
2 2 3 3
4 7 2 2
1 4 2 3
7 9 3 3
6 10 3 3
10 10 2 3
6 8 1 3
9 9 2 3
6 7 2 2
5 5 2 3
6 7 2 2
6 9 1 1
9 9 1 3
1 10 2 2
5 5 1 3
10 10 3 3
5 5 3 3
6 9 2 2
4 4 3 3
6 8 2 2
8 8 2 3
2 2 2 2
5 9 3 3
2 8 2 2
5 8 2 3
3 5 3 3
3 7 2 2
9 10 2 2
10 10 1 2
4 7 3 3
8 9 1 3
3 6 1 3
3 7 1 3
5 6 3 3
7 9 2 2
1 4 2 3
1 4 1 3
7 8 3 3
5 8 2 2
9 9 3 3
6 8 2 2
2 4 1 1
5 10 2 3
4 8 3 3
6 9 2 2
8 9 1 2
2 5 3 3
5 7 2 3
1 8 2 2
3 5 1 2
2 3 3 3
3 8 3 3
3 8 3 3
9 9 2 3
10 10 3 3
5 5 3 3
8 9 1 1
7 9 2 2
4 8 2 3
10 10 3 3
6 6 2 3
7 10 1 2
3 10 2 2
9 10 3 3
9 9 2 3
9 9 2 3
7 9 1 1
6 10 3 3
6 6 3 3
10 10 2 3
4 6 2 3
2 8 1 2
6 9 2 2
7 7 2 2
3 8 2 2
3 3 2 2
6 6 3 3
3 4 3 3
10 10 2 3
1 3 1 1
10 10 1 1
9 10 3 3
6 10 2 3
1 3 3 3
9 9 3 3
4 4 3 3
7 8 1 3
1 2 1 1
8 10 1 2
6 8 3 3
1 2 3 3
9 9 3 3
10 10 2 2
9 9 1 3
7 8 2 3
10 10 1 1
10 10 3 3
7 9 3 3
9 10 3 3
3 4 2 3
4 5 1 1
5 7 3 3
6 6 3 3
3 4 2 3
5 5 2 2
5 8 3 3
9 9 2 2
1 7 2 2
8 8 3 3
3 10 2 3
4 5 2 3
6 7 2 2
2 6 2 3
5 10 1 3
3 8 1 3
5 5 2 2
2 5 1 2
1 6 1 3
7 8 3 3
10 10 3 3
8 8 3 3
7 9 2 3
3 8 2 2
10 10 2 2
3 3 3 3
4 9 2 2
6 10 2 2
10 10 1 2
2 7 2 2
1 9 2 3
2 2 3 3
3 5 3 3
7 7 3 3
7 7 2 3
3 3 2 2
10 10 2 2
2 4 3 3
3 6 2 2
1 1 1 2
7 8 3 3
3 9 2 3
1 3 1 1
3 9 1 2
9 10 1 1
1 8 3 3
3 6 2 3
4 7 3 3
3 4 2 3
2 4 2 2
6 9 1 3
6 10 1 2
5 7 3 3
6 7 1 3
8 10 3 3
9 10 2 3
1 6 3 3
7 7 1 2
3 8 3 3
3 6 2 3
9 10 3 3
7 7 2 3
7 7 2 3
10 10 1 2
4 7 2 3
5 5 2 2
9 10 3 3
6 7 2 2
6 8 2 2
9 9 2 3
7 7 1 3
7 10 3 3
1 4 3 3
2 9 1 3
6 8 3 3
6 6 2 2
2 2 3 3
3 10 1 1
9 9 1 2
2 6 3 3
6 9 3 3
2 6 3 3
2 5 3 3
1 10 3 3
6 6 2 3
5 10 3 3
6 8 1 3
10 10 1 1
4 5 3 3
6 9 2 2
1 6 3 3
5 5 1 1
2 5 2 2
8 8 1 1
3 9 1 3
6 6 3 3
3 3 2 2
6 6 3 3
2 2 1 3
3 3 2 2
7 9 3 3
2 5 3 3
3 5 3 3
8 8 1 2
1 1 3 3
7 9 1 3
6 8 3 3
5 9 2 2
8 10 2 3
7 8 1 3
1 9 2 3
3 10 2 3
10 10 3 3
8 8 3 3
3 10 3 3
7 7 1 2
5 10 2 3
3 5 1 1
10 10 1 1
7 8 2 3
10 10 1 1
3 6 3 3
2 2 1 2
1 5 3 3
2 9 3 3
2 10 1 2
9 10 2 2
2 2 1 2
5 5 3 3
8 10 2 3
9 9 3 3
4 8 1 3
6 9 3 3
2 6 2 2
9 9 2 3
1 3 3 3
1 4 3 3
1 4 2 3
10 10 1 2
2 5 2 2
2 10 1 2
2 7 2 2
10 10 1 1
4 4 1 1
1 6 3 3
2 5 1 3
10 10 1 3
1 10 2 2
10 10 3 3
2 2 1 1
6 6 3 3
10 10 3 3
3 6 1 2
4 8 2 3
5 10 2 2
10 10 2 2
10 10 3 3
4 9 2 3
8 9 2 3
7 9 3 3
3 3 2 3
6 6 3 3
8 8 3 3
7 9 1 3
7 7 1 3
7 9 1 2
10 10 2 3
9 10 1 2
10 10 3 3
10 10 2 3
10 10 1 1
2 2 1 2
3 10 2 3
2 4 2 2
8 10 3 3
8 10 2 3
10 10 1 3
5 10 2 2
4 8 1 3
3 8 2 3
3 4 3 3
10 10 3 3
4 8 2 2
2 9 3 3
4 10 2 3
4 7 2 3
5 5 3 3
4 9 2 3
3 8 1 3
8 9 1 2
7 9 3 3
7 7 3 3
7 8 2 2
4 4 3 3
9 10 1 2
10 10 1 2
3 10 1 1
6 8 3 3
3 7 3 3
10 10 1 3
2 8 3 3
8 10 3 3
8 10 1 1
10 10 1 3
10 10 1 3
1 1 2 3
2 6 1 1
10 10 1 1
2 8 2 3
7 7 1 2
3 7 1 1
10 10 3 3
10 10 3 3
9 9 2 3
9 10 1 2
2 8 3 3
10 10 3 3
2 10 2 2
4 4 2 2
7 7 1 1
5 5 1 3
2 6 2 3
3 8 1 1
7 9 1 3
8 8 3 3
6 8 1 3
9 10 1 1
9 9 3 3
7 10 2 3
7 9 1 1
6 10 3 3
6 8 1 3
10 10 1 1
2 10 3 3
7 9 1 2
6 10 1 3
3 10 2 3
7 9 3 3
10 10 2 3
6 6 1 2
3 10 3 3
7 9 2 2
8 9 2 3
2 9 3 3
3 8 3 3
6 9 1 1
3 8 1 3
6 7 1 3
3 9 2 3
4 5 2 3
10 10 1 1
2 9 1 1
8 9 3 3
4 10 1 3
8 8 3 3
10 10 3 3
3 10 2 2
3 6 2 2
4 6 3 3
9 10 2 3
10 10 2 3
8 9 1 3
5 10 3 3
7 7 1 2
7 10 1 3
10 10 3 3
4 7 1 1
7 9 1 2
6 10 1 3
9 9 3 3
2 2 3 3
8 9 1 3
5 8 1 3
10 10 2 2
2 2 3 3
2 10 1 3
6 7 1 1
3 5 2 2
1 5 3 3
3 10 2 3
10 10 2 3
1 4 2 3
8 8 3 3
7 9 2 2
8 8 2 3
9 9 2 2
4 7 2 2
6 6 2 2
7 9 3 3
4 5 2 2
9 10 3 3
6 9 3 3
3 9 1 1
7 8 2 2
6 8 3 3
6 9 2 3
8 9 1 3
9 10 1 3
4 5 2 3
6 6 1 2
5 10 3 3
9 9 1 1
4 10 2 2
8 8 3 3
1 5 3 3
4 4 3 3
4 10 3 3
8 8 3 3
10 10 2 2
5 8 1 1
3 5 1 2
10 10 3 3
6 8 3 3
2 5 1 1
9 9 2 2
10 10 1 2
2 8 2 3
8 10 2 2
9 10 2 3
4 8 2 3
6 6 3 3
8 8 1 2
9 10 3 3
2 8 3 3
8 10 2 3
1 6 1 1
8 9 1 1
5 7 1 2
7 9 3 3
10 10 2 2
5 6 3 3
4 7 1 2
7 8 2 3
2 2 1 3
9 9 2 3
3 7 2 3
8 9 3 3
9 9 1 3
7 10 1 1
3 7 3 3
8 9 1 2
5 6 1 2
6 10 3 3
6 6 3 3
9 10 3 3
10 10 2 2
10 10 1 2
10 10 2 3
1 3 1 2
1 5 1 1
10 10 3 3
10 10 1 1
1 5 2 3
1 9 3 3
6 6 1 3
2 4 2 2
5 8 3 3
8 8 3 3
7 9 1 2
5 5 3 3
2 7 1 1
3 10 1 2
6 8 1 1
7 9 2 3
10 10 2 2
3 7 1 2
9 10 2 3
1 4 1 3
6 8 3 3
2 3 1 1
6 10 2 2
3 6 3 3
10 10 3 3
9 9 1 2
1 1 2 3
8 9 3 3
4 4 3 3
5 8 2 3
4 6 3 3
9 9 1 3
5 6 2 2
3 9 2 2
10 10 1 2
8 9 1 3
3 5 3 3
10 10 3 3
2 5 1 2
7 7 2 3
3 6 1 2
5 10 1 1
1 4 1 3
10 10 3 3
9 9 3 3
9 9 1 2
7 10 2 3
1 10 3 3
7 9 3 3
2 2 2 3
2 3 2 2
5 9 1 2
9 9 2 3
10 10 3 3
1 9 3 3
9 10 3 3
9 9 1 3
6 7 1 3
2 6 1 3
9 10 1 1
3 5 3 3
3 9 1 3
1 2 3 3
1 2 2 3
8 9 3 3
8 10 2 2
1 10 1 1
1 4 2 2
1 10 1 1
7 8 1 3
7 9 1 3
9 10 1 2
2 3 3 3
9 10 1 2
6 7 2 3
3 6 3 3
4 5 1 3
1 7 2 2
2 2 2 3
2 2 3 3
10 10 2 2
9 9 3 3
5 7 3 3
9 9 2 3
3 5 3 3
5 9 1 1
6 8 1 3
4 6 3 3
3 4 1 1
3 4 1 2
3 10 3 3
4 10 2 3
2 5 2 3
6 6 3 3
8 9 1 3
9 10 3 3
4 6 1 2
7 9 3 3
1 6 3 3
9 10 2 3
1 4 2 2
6 10 2 2
1 10 3 3
8 8 1 2
10 10 2 2
7 9 1 1
1 2 1 2
7 10 2 3
6 9 3 3
4 9 1 1
1 1 2 3
1 1 1 2
5 10 3 3
7 8 3 3
2 7 3 3
2 10 2 3
8 8 3 3
3 7 1 1
9 10 3 3
9 9 3 3
3 5 2 2
1 2 1 1
8 10 3 3
8 9 3 3
2 7 3 3
1 8 3 3
6 10 1 3
2 10 3 3
4 9 1 2
8 10 1 3
8 10 2 3
9 9 1 2
8 9 2 2
7 9 1 2
3 3 1 2
4 9 1 2
6 10 1 1
5 10 1 2
2 9 2 2
6 7 3 3
5 9 1 3
1 3 2 2
1 7 1 2
8 9 3 3
8 9 1 2
2 7 1 3
4 6 2 3
3 5 1 2
6 6 3 3
2 4 3 3
10 10 1 1
6 8 1 2
6 8 2 3
3 8 3 3
10 10 3 3
7 9 1 2
3 7 2 3
3 7 2 2
6 8 3 3
4 6 3 3
2 7 2 2
7 8 3 3
4 7 3 3
7 10 2 2
7 9 1 1
1 5 1 3
8 9 2 3
6 7 1 3
7 10 2 3
9 10 2 3
7 10 3 3
5 6 1 3
8 10 1 1
8 10 2 2
7 10 3 3
6 6 3 3
8 10 3 3
3 10 3 3
1 1 2 2
7 10 2 2
5 6 2 2
6 9 2 3
5 8 2 3
1 8 1 2
3 7 2 3
1 2 1 2
3 4 2 2
4 5 2 3
7 8 2 2
2 7 2 3
1 6 3 3
9 9 1 2
5 9 2 2
6 10 1 2
3 6 1 2
7 10 1 2
9 9 1 3
4 9 1 2
3 10 3 3
1 2 3 3
10 10 1 1
6 9 1 3
5 5 1 1
9 9 1 2
7 10 1 2
2 3 2 3
5 7 1 3
10 10 1 3
7 7 3 3
7 7 1 2
8 9 3 3
9 9 1 1
4 9 1 3
9 9 2 3
4 6 2 3
7 7 3 3
1 4 2 2
8 9 1 1
1 4 1 2
10 10 1 3
3 3 2 2
3 10 3 3
5 10 1 1
5 6 1 1
1 1 1 2
5 7 1 2
3 7 3 3
2 4 1 2
2 9 2 2
3 9 1 3
2 10 3 3
6 7 2 2
1 3 1 2
1 7 2 3
2 9 3 3
2 3 1 2
2 4 3 3
10 10 2 2
5 6 2 2
5 10 1 3
7 7 2 2
9 9 1 2
2 8 1 3
10 10 2 2
5 9 1 2
3 10 2 3
8 8 3 3
9 9 2 2
8 9 2 3
4 7 3 3
10 10 1 3
8 9 2 3
8 8 2 3
8 9 1 1
3 8 3 3
8 9 3 3
9 10 1 1
1 3 1 2
2 9 2 3
9 10 3 3
7 8 1 2
4 6 1 1
10 10 2 3
9 9 1 1
8 9 2 2
9 10 3 3
7 10 1 2
1 1 2 2
6 7 2 3
2 5 2 3
6 9 2 3
9 9 2 3
4 6 3 3
3 4 3 3
3 8 1 1
1 7 1 2
4 8 2 2
9 10 1 1
4 8 2 2
6 9 3 3
10 10 2 2
4 5 3 3
10 10 1 2
6 10 2 2
1 8 3 3
7 8 3 3
2 3 2 3
10 10 3 3
3 4 2 3
8 8 1 1
2 8 2 3
8 9 1 3
7 10 3 3
10 10 1 3
8 8 3 3
4 5 2 2
4 5 3 3
7 8 2 3
7 10 1 1
1 1 3 3
9 9 2 2
7 9 1 2
10 10 2 3
1 7 2 3
4 4 1 3
5 9 1 3
2 7 3 3
8 10 3 3
10 10 1 2
5 10 2 2
4 9 1 2
3 9 2 2
5 9 2 2
6 7 2 2
9 10 2 2
2 6 3 3
8 9 3 3
1 8 3 3
1 3 2 3
10 10 1 3
6 7 2 2
9 10 2 3
8 9 3 3
2 10 2 3
9 10 3 3
3 9 3 3
8 8 3 3
6 6 1 3
6 10 3 3
10 10 3 3
1 9 3 3
9 10 2 3
7 10 3 3
6 6 2 3
8 9 3 3
2 4 3 3
6 7 2 3
5 7 2 2
4 10 3 3
8 8 1 3
6 6 1 3
1 9 2 3
1 5 1 3
6 10 3 3
7 10 3 3
5 7 2 2
10 10 2 3
3 7 2 2
3 10 2 3
2 4 3 3
7 8 3 3
2 2 1 3
5 9 1 3
3 6 1 2
8 10 3 3
6 7 1 3
5 8 3 3
4 5 2 3
10 10 3 3
8 8 1 2
7 7 3 3
1 3 2 2
6 7 3 3
1 1 1 1
1 7 3 3
1 6 2 3
5 6 1 3
4 8 1 2
1 7 1 2
4 4 1 3
6 10 1 1
4 9 1 1
6 8 1 2
9 10 1 2
4 7 1 2
8 10 3 3
3 5 3 3
8 10 3 3
7 8 2 3
8 10 1 3
3 3 2 2
6 6 2 2
4 6 1 2
1 1 3 3
6 9 1 3
6 10 2 3
9 9 3 3
1 6 2 2
5 8 3 3
2 4 1 1
2 10 3 3
4 8 2 3
2 10 2 3
7 7 2 3
1 6 3 3
5 7 2 2
7 8 2 2
4 5 2 2
6 8 2 2
2 8 3 3
1 1 3 3
5 7 3 3
8 9 3 3
7 8 2 3
1 5 2 3
8 9 3 3
5 6 2 2
5 8 1 2
6 8 1 1
9 10 3 3
4 9 1 3
5 9 1 3
1 4 1 3
5 6 2 2
1 8 1 3
3 10 3 3
1 9 1 1
10 10 2 2
7 10 1 3
5 6 1 2
9 9 2 2
4 9 1 2
2 8 3 3
5 10 2 3
3 7 3 3
1 10 1 1
5 7 1 2
8 9 3 3
10 10 1 2
10 10 1 1
8 9 2 2
2 10 3 3
2 5 1 1
6 7 1 3
3 4 3 3
6 7 1 2
1 9 2 2
8 9 2 2
10 10 3 3
8 9 3 3
3 6 2 3
6 10 1 2
8 8 1 2
3 10 2 3
7 9 1 3
7 9 2 2
3 7 3 3
5 8 1 3
1 10 2 2
8 9 2 3
4 5 1 1
6 9 3 3
4 7 3 3
8 10 2 3
8 10 2 2
3 10 3 3
3 9 3 3
7 9 3 3
5 9 1 3
9 9 1 2
5 9 3 3
4 8 2 2
7 7 2 2
1 5 3 3
10 10 3 3
3 6 2 3
4 5 3 3
10 10 3 3
2 9 1 2
4 10 1 2
8 8 1 1
1 1 2 3
5 6 2 2
3 8 3 3
1 9 1 2
3 3 1 3
6 10 3 3
6 6 3 3
5 7 2 2
8 9 3 3
2 4 1 3
8 10 3 3
10 10 3 3
8 10 3 3
6 9 3 3
7 10 2 2
4 5 3 3
7 7 2 3
5 8 3 3
10 10 2 3
9 9 1 2
5 6 1 3
10 10 1 1
1 5 2 3
4 8 2 2
9 10 3 3
3 3 2 3
8 9 2 3
1 5 3 3
1 5 1 2
2 8 2 2
3 4 3 3
3 5 1 1
2 6 3 3
7 9 1 2
6 7 3 3
10 10 1 3
3 3 2 2
8 9 3 3
2 9 1 2
2 2 1 3
2 5 2 2
6 6 2 3
4 10 3 3
2 2 1 3
4 4 2 3
7 7 1 2
5 8 1 1
5 7 3 3
8 9 3 3
10 10 2 3
4 8 3 3
8 10 1 1
5 8 2 2
1 9 2 3
8 8 3 3
9 9 2 3
5 7 2 2
3 10 1 2
4 10 3 3
2 4 3 3
5 8 1 3
3 3 3 3
5 8 2 2
2 8 3 3
4 8 1 2
10 10 1 3
8 8 2 3
7 7 1 3
4 7 1 2
1 4 3 3
2 7 3 3
2 4 2 2
1 5 1 2
5 10 3 3
10 10 2 2
6 7 2 2
5 5 1 3
1 1 3 3
4 8 3 3
3 10 2 3
4 5 2 2
10 10 2 2
1 9 2 2
8 8 1 2
10 10 3 3
8 8 3 3
4 4 3 3
4 6 3 3
3 10 1 2
2 5 1 3
4 9 1 3
2 2 1 3
10 10 2 3
9 10 2 3
8 10 1 1
7 7 3 3
5 8 2 3
9 9 1 3
7 9 2 3
1 8 3 3
6 6 3 3
5 6 2 3
8 9 3 3
5 5 3 3
9 9 3 3
5 5 2 2
5 6 2 2
4 9 1 1
10 10 3 3
7 7 1 1
4 5 3 3
1 8 1 1
2 2 3 3
4 7 1 2
6 7 3 3
10 10 3 3
7 7 1 1
7 9 2 2
7 7 3 3
1 10 2 2
7 9 1 3
4 9 1 3
8 10 1 2
4 6 3 3
8 9 1 2
9 9 3 3
7 9 3 3
3 7 1 2
5 8 2 2
2 7 1 1
4 8 1 3
2 6 2 3
2 4 3 3
10 10 3 3
8 9 2 3
8 8 3 3
2 5 1 3
1 2 1 2
6 8 1 2
7 9 3 3
4 7 1 2
3 7 2 2
4 9 1 3
9 10 1 3
10 10 1 3
4 5 1 3
2 6 1 2
1 1 1 3
8 9 3 3
10 10 3 3
7 9 3 3
6 7 3 3
1 5 2 3
7 9 2 2
4 7 1 1
7 10 2 3
2 6 2 3
4 8 3 3
6 7 1 2
9 10 1 3
10 10 1 1
3 9 1 3
6 9 3 3
10 10 1 3
10 10 3 3
8 8 2 3
7 7 1 3
6 8 1 1
7 7 1 2
4 9 2 2
9 9 3 3
3 8 3 3
3 10 2 2
7 10 2 3
1 8 1 2
8 10 3 3
4 9 3 3
8 10 3 3
10 10 2 3
1 10 3 3
2 4 2 2
6 8 1 1
6 6 2 2
5 8 2 2
5 9 1 3
8 10 3 3
4 8 2 2
1 4 3 3
1 7 2 3
7 8 3 3
10 10 1 1
7 10 3 3
8 8 3 3
10 10 2 2
4 4 2 3
7 10 2 2
6 7 1 3
9 9 3 3
4 9 3 3
9 10 1 3
6 6 3 3
2 8 3 3
5 8 1 1
7 10 2 3
8 8 3 3
2 8 3 3
1 1 1 1
4 6 3 3
8 8 2 3
7 10 3 3
5 8 2 3
8 10 2 2
1 7 1 1
5 5 2 3
5 7 2 3
4 6 1 2
6 9 3 3
7 8 1 2
2 7 3 3
10 10 2 3
2 4 2 2
8 10 2 2
8 8 2 2
4 10 3 3
4 9 2 2
6 9 3 3
5 10 2 2
10 10 3 3
8 10 3 3
8 9 3 3
6 7 2 3
4 8 1 3
8 8 3 3
1 8 1 2
3 10 3 3
2 7 3 3
10 10 2 3
3 9 3 3
9 10 2 2
7 8 2 3
7 7 2 2
7 7 1 3
8 8 3 3
2 6 1 2
6 7 3 3
1 1 2 3
9 10 1 1
2 8 2 2
6 9 3 3
8 9 3 3
6 10 1 1
9 10 1 3
1 3 1 3
6 6 2 2
1 7 2 2
10 10 2 2
5 6 2 3
8 10 2 2
1 3 3 3
2 9 1 2
2 7 1 1
5 6 2 2
6 8 2 2
3 3 3 3
7 8 3 3
3 9 1 2
9 10 1 2
10 10 2 2
6 10 2 2
9 9 1 3
7 10 2 3
1 1 2 3
5 8 2 2
7 7 1 2
2 2 1 1
2 3 1 3
8 8 2 3
4 4 2 2
10 10 1 3
9 9 2 3
7 9 1 2
5 9 3 3
3 10 3 3
7 10 3 3
2 3 2 3
5 9 2 2
7 10 1 1
10 10 1 2
3 3 1 3
6 10 3 3
6 9 1 2
2 10 1 2
9 10 2 2
7 7 1 3
2 3 1 2
6 9 3 3
5 6 3 3
6 10 3 3
7 10 2 3
7 9 1 2
3 3 2 3
1 3 3 3
8 9 2 3
2 9 3 3
5 6 1 1
5 5 1 3
9 10 3 3
7 7 1 3
9 9 2 2
8 10 3 3
4 4 2 2
6 10 2 3
3 7 2 2
3 4 3 3
5 8 3 3
4 4 1 3
3 6 3 3
4 8 1 2
5 9 3 3
3 8 2 3
4 9 2 3
7 9 2 2
2 4 1 3
2 10 1 2
5 10 1 1
7 10 1 1
8 9 1 3
8 8 3 3
2 3 1 3
7 7 1 2
8 10 3 3
1 3 3 3
5 10 3 3
6 8 2 3
10 10 2 3
3 10 2 2
7 8 3 3
7 10 3 3
9 10 1 3
7 10 3 3
1 10 1 2
7 8 2 3
7 7 1 3
7 9 1 3
9 9 1 1
2 9 1 1
4 7 3 3
3 8 2 2
8 10 2 3
2 7 3 3
6 6 2 3
9 9 2 2
8 9 2 2
2 8 1 2
3 6 2 2
10 10 1 3
10 10 2 3
1 10 1 2
5 10 2 3
2 10 2 2
2 4 3 3
8 8 3 3
10 10 1 3
5 7 1 2
3 7 1 2
1 2 1 2
3 10 1 2
7 10 2 3
3 5 1 1
10 10 2 2
6 10 1 2
10 10 2 2
8 10 2 2
5 10 3 3
7 8 1 2
3 5 2 3
3 4 1 2
1 7 3 3
7 9 2 2
1 7 2 3
9 9 2 3
3 10 2 3
9 9 1 1
4 7 3 3
9 10 2 2
4 7 1 2
1 6 3 3
1 8 3 3
2 9 1 1
4 5 3 3
9 10 2 2
5 8 3 3
7 7 3 3
1 2 1 1
8 9 3 3
10 10 3 3
7 9 3 3
8 9 3 3
3 3 1 2
7 8 1 3
4 5 2 2
9 9 2 2
1 4 2 3
7 7 1 3
3 3 1 3
8 9 3 3
1 7 2 2
2 8 1 2
4 10 3 3
3 9 1 1
2 8 2 3
7 9 2 2
5 10 3 3
5 9 2 2
4 5 1 3
9 9 1 2
6 8 3 3
4 8 3 3
9 9 3 3
1 9 3 3
3 5 3 3
5 5 3 3
3 9 1 3
3 8 2 2
6 6 3 3
1 8 3 3
6 10 3 3
4 9 3 3
4 8 2 3
10 10 2 2
7 7 1 1
1 9 3 3
8 10 3 3
10 10 1 1
3 10 1 3
7 9 2 3
9 9 1 2
10 10 2 3
9 10 1 2
9 9 1 1
2 7 1 2
2 7 1 3
7 7 2 2
1 1 3 3
5 9 2 2
6 6 1 1
2 3 3 3
7 9 2 3
1 3 1 3
4 5 2 3
8 8 3 3
5 7 3 3
10 10 1 3
8 9 1 2
6 10 2 2
6 10 3 3
3 8 1 2
2 7 1 2
3 6 1 1
3 6 1 3
10 10 2 3
9 9 1 2
8 10 1 3
9 9 3 3
4 5 2 3
7 9 3 3
5 7 1 1
9 10 2 2
10 10 2 3
10 10 1 2
2 3 3 3
3 6 1 1
9 10 1 2
4 6 3 3
6 7 1 3
7 9 1 1
3 7 3 3
1 2 2 2
3 5 2 3
5 9 2 3
2 3 3 3
4 4 3 3
3 9 1 3
1 9 3 3
6 9 2 2
5 6 1 2
1 8 2 3
2 6 2 3
2 7 3 3
6 6 2 3
6 6 3 3
2 3 3 3
9 9 3 3
2 8 1 1
8 8 2 2
9 9 1 2
9 10 2 2
5 10 1 1
7 8 1 3
4 9 3 3
1 3 2 2
3 5 3 3
10 10 1 1
2 7 2 2
1 4 1 2
7 9 2 3
4 5 2 3
1 1 2 3
5 9 2 2
6 8 2 3
7 7 2 3
4 9 1 3
8 9 3 3
5 6 2 3
2 10 1 3
2 5 3 3
10 10 1 1
2 5 3 3
10 10 3 3
5 9 2 2
9 9 1 2
1 1 2 2
10 10 3 3
2 10 1 3
1 6 1 2
6 10 2 2
10 10 1 3
8 8 1 1
10 10 1 3
6 9 2 3
9 10 1 2
2 8 3 3
6 8 1 1
9 9 3 3
5 8 1 3
7 9 1 3
1 9 1 2
1 7 3 3
7 9 3 3
4 8 3 3
9 9 1 2
10 10 2 2
7 9 1 2
9 9 2 2
5 7 3 3
6 8 2 2
9 10 2 2
8 8 2 3
5 7 2 3
1 1 1 3
8 9 1 3
3 9 3 3
1 9 2 2
10 10 1 1
6 10 3 3
2 4 2 2
6 6 2 3
7 7 2 2
3 6 1 1
1 7 3 3
3 6 2 3
6 9 2 2
1 10 3 3
1 9 3 3
1 2 3 3
6 8 2 2
3 9 2 2
1 8 2 3
7 8 1 3
9 9 3 3
5 5 2 2
5 5 1 1
9 10 1 3
8 8 1 1
1 3 2 3
9 10 2 3
3 10 3 3
7 10 3 3
4 4 1 2
1 5 3 3
1 8 2 3
10 10 1 1
10 10 1 1
5 8 3 3
10 10 2 2
6 9 2 2
5 5 2 3
9 9 1 1
1 8 2 3
7 7 1 2
4 7 1 3
3 6 3 3
3 10 2 3
5 10 1 3
4 10 1 2
3 8 2 3
1 1 2 3
2 8 3 3
5 9 1 2
5 9 3 3
9 10 3 3
4 4 1 2
8 8 2 2
10 10 2 2
7 7 1 2
4 7 1 2
1 4 1 1
7 9 3 3
3 6 1 2
4 7 3 3
10 10 2 3
2 3 3 3
2 6 1 1
3 9 1 1
3 3 1 3
1 9 2 2
2 6 3 3
8 8 3 3
2 4 2 2
6 6 3 3
10 10 3 3
9 10 1 1
1 8 3 3
8 10 1 3
4 8 3 3
6 10 2 3
8 9 2 2
8 9 3 3
2 8 2 2
10 10 2 3
9 10 3 3
6 6 2 2
6 9 2 2
1 9 3 3
2 9 2 3
5 9 1 1
3 9 3 3
9 9 3 3
1 7 1 2
9 10 2 3
5 8 3 3
9 10 1 3
5 5 1 2
3 3 2 2
8 10 2 3
8 10 1 3
1 1 3 3
3 5 3 3
5 7 1 3
1 10 3 3
10 10 3 3
5 9 2 3
7 10 3 3
2 6 1 3
9 10 3 3
7 7 1 1
9 10 3 3
10 10 1 2
1 1 1 2
5 7 1 1
1 5 1 2
8 9 1 3
1 5 1 2
9 10 3 3
2 5 2 3
10 10 1 2
1 1 1 2
9 9 1 1
7 7 2 2
5 5 1 2
10 10 2 3
5 10 2 2
9 10 3 3
6 8 3 3
3 5 3 3
4 4 2 2
4 7 3 3
10 10 2 2
7 10 3 3
4 8 2 2
8 9 1 2
8 9 1 1
2 10 2 2
6 7 3 3
3 10 1 3
4 8 1 1
1 3 3 3
2 4 3 3
1 3 2 3
9 9 2 2
3 9 1 2
5 8 3 3
5 5 1 2
10 10 1 2
7 7 3 3
1 8 3 3
8 8 2 2
10 10 1 1
4 10 1 1
4 5 3 3
1 2 2 2
7 10 3 3
9 9 1 3
10 10 2 2
2 2 2 2
4 4 3 3
2 9 2 2
8 9 3 3
1 5 3 3
1 3 1 3
6 9 1 2
6 10 3 3
2 3 2 3
9 10 2 2
4 5 1 3
6 6 2 3
6 6 2 3
2 10 2 2
1 6 3 3
2 6 2 2
2 7 1 2
2 4 1 2
3 9 3 3
9 9 2 3
10 10 1 2
7 8 3 3
7 7 2 2
1 4 2 2
2 9 1 1
3 3 1 2
2 6 3 3
4 9 1 1
3 5 1 2
6 6 1 1
4 4 1 1
2 5 2 2
3 4 2 3
7 8 1 3
3 9 2 3
6 9 1 2
6 6 1 2
7 9 1 1
1 8 1 2
8 9 3 3
10 10 3 3
9 10 2 3
3 6 1 3
9 10 2 2
2 5 1 3
9 10 2 3
8 9 1 1
5 5 1 3
1 2 3 3
10 10 3 3
10 10 2 2
7 9 1 2
4 10 1 2
2 9 1 2
10 10 2 2
8 8 1 2
10 10 1 2
2 4 3 3
7 8 2 3
8 8 2 3
2 4 1 2
2 6 3 3
3 7 3 3
2 5 2 2
6 7 2 2
4 9 3 3
6 10 2 2
1 4 2 3
9 9 2 3
10 10 3 3
2 4 2 2
4 9 3 3
5 9 2 2
3 5 2 3
1 7 2 3
8 10 2 2
6 8 3 3
9 9 3 3
3 4 2 3
1 7 3 3
10 10 1 1
2 5 2 3
3 6 3 3
9 9 1 3
6 8 2 2
9 9 1 3
6 8 3 3
5 9 3 3
1 9 1 1
3 7 2 3
5 7 2 3
4 10 2 3
10 10 2 3
2 4 3 3
10 10 2 3
6 7 1 3
10 10 1 2
8 10 3 3
1 10 2 3
3 6 2 3
8 10 3 3
7 10 1 1
2 10 3 3
4 5 3 3
4 8 1 2
2 4 1 2
8 8 3 3
2 6 1 1
1 3 3 3
1 4 3 3
2 3 1 2
4 10 2 3
7 7 2 2
6 7 1 3
10 10 1 1
6 9 3 3
3 3 2 3
3 7 1 3
7 8 2 2
3 3 1 2
5 10 1 2
5 6 3 3
3 10 3 3
4 4 1 2
2 5 2 2
4 4 1 2
9 9 1 3
4 10 2 2
7 8 2 3
5 9 2 2
6 8 1 3
6 9 2 3
5 9 3 3
3 5 1 1
3 7 1 3
6 6 2 3
3 10 1 3
1 5 3 3
1 9 2 3
8 9 2 3
7 8 3 3
6 10 2 2
3 4 3 3
10 10 2 2
10 10 2 2
2 10 1 1
8 10 3 3
9 9 1 1
5 7 2 2
8 10 2 2
7 9 2 2
7 9 3 3
5 9 3 3
6 10 2 3
10 10 2 3
4 7 3 3
6 9 2 2
1 7 2 3
10 10 3 3
10 10 1 1
4 9 1 3
8 9 3 3
3 4 2 2
9 10 3 3
9 10 2 3
6 7 3 3
1 9 1 2
3 9 1 1
4 10 3 3
7 7 2 3
6 10 2 3
1 5 2 3
1 1 1 3
10 10 3 3
1 1 2 3
3 6 1 2
7 10 2 3
6 10 1 1
7 8 1 1
9 10 3 3
10 10 2 3
10 10 2 3
7 7 3 3
2 7 1 3
3 5 3 3
9 10 1 3
10 10 2 3
1 5 1 3
2 8 1 2
7 7 3 3
7 8 2 3
9 10 2 2
10 10 3 3
3 3 3 3
8 8 3 3
8 9 1 3
1 2 1 1
2 4 2 2
10 10 1 3
5 9 1 3
4 9 1 2
10 10 1 3
3 4 3 3
4 6 1 3
1 6 2 3
9 9 1 2
8 10 1 3
7 9 1 2
5 6 1 1
7 7 3 3
4 8 3 3
7 8 2 2
8 10 2 2
7 10 3 3
4 9 3 3
4 8 1 1
6 8 3 3
7 8 2 2
5 9 2 2
5 6 1 3
5 5 3 3
10 10 2 3
5 6 3 3
4 4 1 2
2 9 3 3
10 10 3 3
3 10 2 2
2 8 2 3
1 2 1 2
1 10 3 3
8 9 2 2
8 10 3 3
9 10 2 3
9 10 1 3
3 7 3 3
6 9 1 3
9 9 3 3
7 10 3 3
7 8 2 3
2 3 3 3
8 8 3 3
9 10 3 3
6 7 3 3
3 6 1 2
10 10 1 3
4 8 2 3
2 7 3 3
3 6 2 3
1 4 3 3
5 8 3 3
3 6 3 3
8 8 1 2
2 6 3 3
2 4 3 3
5 10 1 1
9 10 1 1
8 9 3 3
5 7 1 2
4 5 1 3
6 8 3 3
2 5 3 3
9 10 1 2
1 7 2 2
3 9 1 2
10 10 2 2
9 10 1 2
1 10 3 3
6 7 3 3
8 9 3 3
5 8 3 3
8 10 1 2
9 9 1 3
2 6 2 3
1 2 2 3
1 9 3 3
9 9 1 1
6 8 1 2
1 6 2 2
9 9 2 3
5 5 2 3
5 5 2 3
2 2 3 3
1 6 1 2
6 9 1 3
1 5 3 3
8 8 1 3
9 9 2 3
3 3 3 3
10 10 1 1
7 7 1 1
2 4 3 3
10 10 1 1
4 7 1 1
9 10 1 3
8 9 2 2
1 8 2 2
6 9 1 2
2 10 3 3
1 5 3 3
9 10 2 3
8 10 2 2
3 10 2 2
1 7 2 2
7 9 1 2
10 10 3 3
7 8 1 2
6 10 1 1
6 10 1 3
6 8 2 2
6 7 2 2
2 9 2 3
4 7 3 3
1 6 1 3
6 8 2 2
2 7 2 2
7 9 2 3
6 8 1 1
6 10 1 2
6 7 1 2
8 9 2 2
8 8 2 3
10 10 2 2
2 8 3 3
8 8 1 2
2 2 3 3
9 9 1 3
8 10 3 3
6 6 1 2
1 5 1 3
8 8 3 3
4 5 2 2
7 10 1 3
6 8 2 3
1 5 2 2
2 6 1 1
6 9 1 3
6 7 1 1
2 10 2 2
7 10 2 3
6 7 2 2
2 5 3 3
9 10 2 3
9 9 1 3
10 10 1 1
8 8 1 1
10 10 3 3
9 10 3 3
10 10 2 2
1 3 1 3
7 7 3 3
6 8 3 3
1 7 1 3
1 5 1 1
3 10 3 3
5 6 1 3
1 9 2 3
6 8 3 3
1 10 3 3
3 5 2 3
8 9 3 3
7 8 3 3
2 8 2 3
8 9 2 2
1 10 2 3
8 8 1 2
3 3 2 3
8 10 3 3
1 9 2 2
3 3 1 3
1 7 2 3
1 10 2 2
9 9 3 3
5 5 2 3
9 10 1 2
2 9 2 2
7 7 3 3
1 1 3 3
6 7 2 3
7 10 1 2
9 9 1 3
5 8 3 3
5 5 1 2
3 8 2 3
2 2 2 3
5 10 3 3
9 10 2 3
7 9 1 3
4 8 3 3
1 6 1 2
6 10 1 2
3 10 1 2
8 8 1 1
2 6 3 3
9 9 1 2
9 10 2 2
9 9 3 3
7 9 1 2
6 9 2 3
5 9 2 2
9 10 2 2
10 10 2 2
7 8 2 2
4 6 2 3
7 10 2 3
7 10 2 2
7 9 2 2
9 9 2 3
9 9 3 3
6 8 3 3
10 10 1 3
4 6 3 3
9 9 3 3
9 10 2 3
8 8 2 3
4 6 3 3
6 10 2 2
1 4 2 2
5 8 3 3
6 10 1 1
7 10 2 3
8 8 3 3
8 9 2 2
2 3 1 3
7 7 1 2
10 10 2 3
7 8 2 2
9 10 1 1
6 6 1 2
4 4 3 3
2 8 1 3
3 7 2 2
5 6 3 3
10 10 3 3
5 7 2 3
3 9 1 2
1 7 1 2
1 6 2 2
5 10 1 3
4 8 2 2
3 5 2 3
9 10 3 3
9 9 3 3
10 10 2 2
9 10 2 3
7 9 2 3
6 7 1 1
1 2 3 3
9 10 2 2
2 2 3 3
2 3 1 3
9 10 2 3
6 9 3 3
5 6 2 2
8 8 1 3
1 9 3 3
7 9 3 3
4 4 3 3
5 8 3 3
9 9 2 2
6 6 2 2
10 10 3 3
2 7 3 3
7 10 3 3
1 1 1 3
1 6 1 2
7 9 3 3
4 7 1 2
4 5 1 3
9 9 3 3
6 7 3 3
9 9 3 3
5 9 1 1
9 10 3 3
4 5 3 3
8 8 2 2
9 10 3 3
7 7 3 3
5 6 3 3
8 8 2 3
4 10 3 3
6 6 2 3
9 9 1 1
4 5 3 3
10 10 1 3
1 6 3 3
3 6 1 1
8 10 2 2
4 9 1 1
2 4 2 2
5 9 2 3
6 7 3 3
9 10 2 2
1 7 1 1
5 5 1 1
4 7 3 3
1 10 1 3
3 3 3 3
5 7 2 3
2 9 2 3
7 10 1 3
6 6 3 3
2 5 3 3
8 10 3 3
6 9 2 2
5 6 1 2
4 4 3 3
2 6 1 3
2 4 3 3
8 8 2 2
10 10 2 3
3 9 2 3
7 8 2 2
5 10 1 1
5 7 2 2
6 6 3 3
7 8 1 3
5 7 1 2
3 9 3 3
5 7 1 3
2 2 2 2
8 9 2 2
10 10 2 3
4 7 2 2
3 10 1 2
2 9 2 3
10 10 1 1
5 8 2 2
6 9 2 2
4 6 3 3
2 8 1 2
3 8 1 2
1 5 1 2
3 9 3 3
7 9 1 1
6 10 2 3
4 8 3 3
1 3 1 2
3 10 1 1
10 10 3 3
4 9 2 3
2 4 1 3
3 10 2 2
9 9 1 3
6 8 1 2
6 10 3 3
5 7 2 3
4 8 2 3
5 10 1 2
10 10 1 1
8 9 2 2
2 8 2 3
10 10 2 2
3 9 1 2
7 7 3 3
6 8 2 3
6 9 2 3
6 9 2 3
2 3 2 2
7 9 3 3
5 9 2 3
10 10 1 3
8 10 2 2
1 2 1 1
9 10 2 2
6 8 2 2
5 7 1 3
9 10 2 3
10 10 3 3
8 10 2 2
6 9 3 3
10 10 2 2
5 10 3 3
6 10 2 3
7 8 2 3
10 10 1 2
5 6 2 2
9 10 2 3
9 9 1 2
2 5 3 3
1 3 2 2
2 4 2 3
1 3 2 2
5 6 1 2
4 10 2 2
7 10 2 2
2 6 2 3
10 10 2 2
9 9 3 3
4 6 3 3
4 5 3 3
5 10 1 2
8 9 3 3
8 9 3 3
5 10 1 2
3 3 1 1
3 7 2 3
9 9 2 3
2 4 1 3
4 4 3 3
9 10 2 2
3 5 2 2
1 6 2 3
4 4 2 3
4 10 2 2
8 9 3 3
9 10 1 3
6 10 1 3
2 7 2 3
9 9 1 3
3 6 3 3
8 10 1 1
5 6 3 3
6 6 1 3
1 5 2 3
3 8 2 3
5 5 2 3
3 4 3 3
5 5 1 3
3 5 3 3
5 7 3 3
5 9 1 1
10 10 2 2
3 9 2 2
3 8 2 3
4 4 1 3
2 10 2 2
2 2 1 2
5 7 1 2
6 10 1 3
3 6 2 3
8 9 3 3
3 8 3 3
3 9 1 2
7 9 1 1
7 7 1 2
6 10 2 3
9 10 3 3
9 9 2 2
7 7 1 3
6 10 3 3
4 4 3 3
3 10 2 2
7 7 2 3
4 5 1 2
10 10 1 1
2 7 1 3
6 9 2 2
3 4 2 3
2 5 3 3
6 7 1 2
8 9 2 3
2 3 3 3
5 7 1 1
10 10 2 2
5 9 2 2
6 8 2 3
2 9 1 3
9 9 1 2
4 8 1 1
6 9 1 3
3 7 2 3
5 6 3 3
1 1 3 3
8 10 3 3
5 7 2 2
5 6 2 3
3 5 2 2
7 8 3 3
4 6 3 3
10 10 1 1
2 9 1 3
3 7 3 3
8 9 1 2
4 6 2 3
5 9 2 3
8 8 1 1
9 10 1 3
6 6 2 2
4 4 1 3
2 6 3 3
4 10 3 3
1 6 3 3
7 10 3 3
6 9 3 3
9 10 2 3
2 6 2 3
1 7 3 3
2 5 2 3
6 6 3 3
5 10 3 3
3 6 2 3
10 10 1 1
6 8 2 2
5 5 3 3
3 6 3 3
10 10 3 3
10 10 1 2
7 9 2 3
2 10 2 2
5 8 2 3
1 10 2 2
9 9 1 3
8 8 2 2
2 7 1 3
7 9 3 3
3 6 2 2
7 9 3 3
4 6 1 3
2 8 1 3
9 10 1 1
9 9 2 2
3 6 2 3
3 9 2 2
2 3 2 3
8 8 3 3
1 2 3 3
10 10 2 2
3 7 1 1
2 7 1 2
6 9 3 3
8 8 3 3
10 10 2 2
2 6 2 3
7 7 1 1
10 10 2 3
1 1 2 3
5 6 2 2
9 10 1 1
10 10 2 3
10 10 2 2
4 6 2 3
2 6 1 3
8 10 2 2
6 8 2 2
8 9 2 3
5 6 1 3
3 7 2 2
2 10 3 3
10 10 3 3
2 2 3 3
3 8 2 2
3 3 1 1
6 6 1 2
4 5 3 3
9 9 2 3
10 10 3 3
7 10 1 2
9 10 3 3
8 9 2 3
8 9 2 3
6 10 2 3
1 7 2 2
2 4 2 2
10 10 2 3
7 7 3 3
2 2 2 2
1 3 3 3
3 7 3 3
9 10 1 2
3 10 2 3
8 10 3 3
9 9 1 2
1 10 3 3
2 8 1 3
1 9 2 3
3 8 1 3
10 10 3 3
7 10 2 3
2 4 3 3
8 8 2 2
7 8 2 2
9 10 2 3
4 5 3 3
6 6 1 1
5 6 3 3
8 8 3 3
2 9 2 2
10 10 2 3
5 10 3 3
8 9 2 2
1 4 1 1
1 4 3 3
10 10 1 1
9 9 2 3
7 9 3 3
4 9 3 3
9 9 3 3
6 6 3 3
8 10 2 2
8 10 2 2
7 10 1 3
2 6 1 2
8 9 2 2
4 6 2 2
10 10 3 3
2 5 1 2
3 7 3 3
7 10 1 1
2 5 3 3
10 10 1 3
2 8 3 3
1 6 3 3
4 5 2 3
6 7 3 3
10 10 1 2
2 9 3 3
4 6 2 2
6 6 2 3
5 9 2 2
7 7 3 3
4 7 1 2
6 8 3 3
5 5 1 1
3 7 2 2
9 10 3 3
10 10 2 3
5 7 3 3
8 9 2 2
4 4 2 2
2 10 3 3
6 7 1 3
8 9 1 1
5 7 1 3
10 10 1 1
9 10 2 2
6 8 3 3
8 9 3 3
1 6 3 3
5 10 3 3
6 9 1 2
9 10 3 3
7 9 3 3
7 7 2 2
8 8 3 3
4 9 1 3
9 9 3 3
2 8 2 3
8 10 1 3
7 10 3 3
4 4 1 1
10 10 1 2
2 2 1 3
10 10 2 3
5 9 3 3
5 10 3 3
3 8 1 2
8 8 1 1
5 6 1 3
5 10 3 3
9 10 1 2
4 10 3 3
3 9 2 2
4 7 1 3
3 6 1 1
7 8 1 1
9 9 1 1
8 10 2 3
8 10 1 3
4 5 1 3
10 10 3 3
8 10 3 3
5 6 1 2
7 10 3 3
6 10 2 2
6 6 2 2
8 8 1 3
4 7 2 2
10 10 3 3
7 9 2 3
2 7 2 3
2 8 3 3
4 7 2 3
5 6 2 3
1 5 3 3
8 10 1 3
10 10 2 2
2 6 2 2
1 3 3 3
8 10 3 3
1 6 1 3
6 6 2 3
3 4 1 3
2 9 1 2
1 1 2 3
9 10 2 2
4 5 1 1
10 10 1 3
3 8 2 3
5 6 2 2
3 3 1 3
10 10 3 3
4 7 2 3
6 6 1 1
7 9 1 2
7 8 1 3
9 10 3 3
10 10 2 3
5 10 2 2
6 10 2 2
6 9 1 3
7 7 3 3
2 3 1 2
6 7 1 1
7 7 3 3
5 10 2 2
10 10 2 3
1 4 3 3
8 9 3 3
6 8 3 3
1 5 3 3
1 10 1 2
6 10 1 3
5 6 3 3
5 6 2 3
1 10 3 3
10 10 2 3
10 10 3 3
5 10 3 3
1 4 2 3
1 5 2 2
2 8 1 1
1 2 2 2
1 4 2 3
10 10 3 3
8 9 2 3
3 6 3 3
3 7 3 3
1 6 3 3
6 6 1 1
8 9 1 1
5 5 3 3
8 8 1 3
9 10 3 3
6 6 1 2
10 10 1 1
8 9 2 3
10 10 3 3
10 10 2 3
7 8 2 3
6 6 2 2
5 10 1 2
8 8 1 1
6 7 2 2
7 7 2 3
9 9 2 2
1 1 3 3
4 10 1 2
1 5 2 2
5 10 3 3
8 9 1 2
7 10 3 3
7 7 2 2
2 4 2 3
8 10 2 2
3 10 3 3
7 9 2 3
3 4 3 3
5 10 1 3
2 9 2 2
1 6 3 3
3 8 2 2
1 3 3 3
4 7 3 3
2 10 3 3
5 7 1 1
6 9 2 2
1 4 3 3
7 10 2 2
9 9 1 3
10 10 1 2
2 2 1 3
10 10 2 3
5 8 2 3
5 5 2 3
2 2 1 2
7 8 2 3
5 8 1 2
3 3 3 3
2 9 1 1
9 10 3 3
5 8 1 1
6 6 3 3
9 9 1 1
2 4 3 3
10 10 2 2
6 10 3 3
6 10 1 1
8 9 3 3
6 9 1 3
8 9 3 3
5 6 1 1
3 10 3 3
7 9 3 3
2 5 3 3
7 7 2 3
1 8 2 3
5 10 3 3
9 10 3 3
3 10 1 1
5 9 1 1
5 9 3 3
4 9 2 3
1 6 1 1
2 3 1 1
9 9 2 3
3 7 2 3
4 6 2 3
2 6 3 3
8 10 1 2
7 7 2 2
8 10 3 3
6 7 3 3
8 9 2 3
5 8 1 2
6 8 3 3
5 6 1 2
4 10 1 1
7 10 2 2
9 9 2 3
7 8 2 3
2 2 3 3
10 10 3 3
8 9 3 3
3 7 2 3
5 8 3 3
2 4 1 1
7 10 2 2
2 9 1 2
1 5 2 3
9 9 3 3
6 10 2 3
4 4 1 2
2 10 1 1
6 10 3 3
5 7 3 3
10 10 1 2
9 10 1 1
10 10 3 3
9 10 1 1
3 6 2 2
2 5 3 3
5 7 3 3
4 10 2 2
6 7 1 1
4 5 2 3
9 10 3 3
10 10 1 2
9 10 2 3
10 10 3 3
7 10 1 1
7 8 2 3
2 2 1 3
1 5 3 3
4 6 3 3
8 8 1 2
3 3 1 3
10 10 3 3
8 9 2 3
7 9 3 3
7 9 1 2
3 10 3 3
6 9 1 1
4 7 3 3
7 8 1 3
5 7 2 3
5 6 1 3
1 6 1 1
3 9 2 2
5 8 2 2
4 8 1 3
10 10 2 3
2 2 3 3
1 8 2 2
10 10 1 3
2 3 2 3
2 6 3 3
5 8 1 1
3 6 2 3
3 7 3 3
4 9 3 3
9 9 2 3
1 5 2 2
5 9 3 3
1 5 1 1
4 6 1 3
4 6 2 3
7 9 2 3
7 9 1 2
10 10 3 3
2 7 3 3
10 10 3 3
2 6 1 1
5 6 2 3
3 3 2 2
10 10 3 3
9 9 2 2
10 10 1 2
6 6 1 1
6 6 2 2
5 5 1 2
2 8 3 3
10 10 2 2
8 10 2 2
10 10 2 3
7 8 3 3
4 7 3 3
3 9 2 3
6 6 3 3
10 10 1 2
6 8 2 3
8 9 3 3
7 7 2 2
2 10 2 3
8 10 1 2
2 9 1 2
9 9 3 3
7 7 2 3
9 10 3 3
10 10 1 3
3 9 1 2
6 10 2 2
9 10 1 2
9 9 2 3
10 10 2 2
6 7 3 3
2 10 1 3
1 7 2 3
5 9 2 3
8 10 1 1
4 6 3 3
2 10 1 2
10 10 1 3
7 10 2 3
2 7 2 3
5 5 2 3
5 9 1 3
3 9 3 3
9 9 2 2
7 9 1 1
4 9 2 2
2 10 1 3
3 7 2 2
1 6 2 2
1 6 1 3
4 6 3 3
9 10 1 1
7 7 1 2
10 10 1 1
7 9 2 2
1 4 3 3
5 8 1 3
4 5 1 2
2 9 1 3
10 10 2 2
4 9 2 3
8 10 3 3
3 3 1 2
9 9 2 2
1 3 1 2
5 8 3 3
7 8 1 3
9 10 3 3
8 10 2 3
6 6 2 2
3 6 1 2
2 4 1 3
10 10 1 3
6 8 1 2
9 9 1 2
6 8 1 1
7 8 2 2
8 8 2 3
1 10 3 3
3 7 2 3
5 8 2 3
4 6 2 2
8 8 1 2
7 10 1 2
2 7 3 3
1 2 1 1
6 8 2 2
3 5 2 2
6 8 2 2
6 10 3 3
8 9 3 3
8 10 3 3
1 3 1 2
8 8 2 3
5 5 3 3
6 9 3 3
10 10 2 3
4 8 2 3
10 10 2 2
8 10 1 1
4 8 1 3
2 7 1 3
1 5 2 2
9 9 2 2
10 10 1 3
10 10 3 3
5 6 1 1
5 5 2 2
3 10 2 2
2 10 2 2
9 9 3 3
4 4 2 2
9 9 3 3
5 5 2 3
1 9 2 3
5 6 3 3
4 6 3 3
3 4 3 3
7 7 2 3
5 10 1 1
7 8 3 3
9 10 3 3
7 9 3 3
3 8 1 2
8 9 1 2
9 10 1 1
8 10 1 1
1 4 1 3
2 5 2 2
5 6 1 1
10 10 2 2
5 9 1 2
3 3 2 3
3 10 1 3
9 10 2 3
2 4 1 2
2 7 1 1
1 10 1 1
2 10 2 2
7 7 2 3
5 8 1 3
10 10 3 3
10 10 1 2
6 9 2 3
9 10 2 3
2 6 1 2
2 6 1 2
1 1 3 3
8 10 2 3
9 10 2 2
6 8 1 3
6 10 2 2
9 9 3 3
8 8 1 3
8 10 1 1
8 9 2 3
10 10 2 3
2 2 3 3
4 6 3 3
7 9 3 3
1 10 2 3
8 10 2 2
3 5 1 3
1 6 3 3
7 10 3 3
2 10 1 3
4 4 1 2
8 10 2 3
1 1 3 3
5 10 1 3
7 10 2 2
10 10 3 3
4 9 3 3
5 9 1 3
5 9 2 3
9 9 1 1
3 8 1 2
6 7 1 1
9 10 2 3
2 9 3 3
4 9 3 3
4 5 3 3
4 6 2 2
2 6 1 3
3 3 3 3
8 8 2 3
1 3 3 3
2 7 2 2
6 9 1 2
5 9 3 3
9 10 1 2
4 8 1 3
3 5 1 2
6 6 1 1
5 5 1 3
5 5 2 2
5 8 2 2
10 10 3 3
1 5 2 2
1 10 1 2
9 9 2 2
5 7 1 1
8 8 2 2
4 7 1 3
10 10 3 3
1 6 2 3
9 9 2 2
3 9 1 2
2 2 2 2
9 10 3 3
6 7 2 2
10 10 2 3
4 5 3 3
6 6 2 3
1 10 3 3
10 10 2 2
6 9 3 3
3 10 3 3
3 4 2 2
6 7 3 3
9 10 1 2
1 6 1 3
7 9 2 2
7 9 1 1
3 3 1 3
3 10 1 1
7 9 1 1
1 10 2 2
5 6 3 3
3 5 1 2
3 6 2 2
4 10 2 3
10 10 3 3
3 8 1 1
1 3 1 2
8 10 3 3
2 10 3 3
3 5 3 3
4 6 3 3
1 5 1 1
5 9 3 3
6 7 2 3
4 4 3 3
5 7 2 2
1 3 1 2
5 8 2 2
5 7 2 3
1 1 2 3
9 10 1 2
7 7 3 3
5 8 1 2
8 8 3 3
8 8 3 3
7 9 1 1
3 6 2 2
6 8 3 3
10 10 2 2
5 7 3 3
5 5 1 3
2 2 3 3
9 10 1 1
9 10 2 2
10 10 2 2
8 8 3 3
2 6 1 2
1 5 2 2
3 10 3 3
8 8 3 3
1 7 2 2
5 9 3 3
5 10 2 2
5 7 2 3
5 5 2 2
10 10 2 3
8 9 2 3
3 7 2 3
2 9 1 1
5 7 3 3
2 7 3 3
8 9 3 3
3 10 1 2
10 10 2 2
9 9 2 2
8 10 3 3
6 6 2 3
7 9 2 3
2 4 1 3
7 9 1 3
10 10 2 2
7 10 2 3
5 5 2 2
6 10 1 1
8 8 2 3
10 10 1 1
1 8 3 3
3 4 1 2
6 8 1 2
7 9 1 1
9 9 1 2
3 4 2 2
5 8 3 3
10 10 2 3
6 6 1 3
7 7 2 3
3 4 1 1
8 9 2 2
5 10 2 2
10 10 3 3
5 7 3 3
2 8 2 2
5 9 3 3
10 10 1 2
8 8 3 3
5 9 1 2
5 9 3 3
4 4 2 2
2 10 3 3
9 10 1 3
1 6 2 2
3 10 1 2
6 10 1 1
10 10 1 1
7 10 3 3
10 10 2 2
2 6 2 2
7 8 3 3
1 2 1 1
6 10 3 3
8 9 3 3
2 3 1 3
3 6 3 3
9 9 2 3
5 10 3 3
3 4 2 2
2 5 2 2
1 4 1 2
4 6 3 3
7 7 1 3
4 10 2 3
4 6 1 2
10 10 3 3
4 4 1 1
6 10 1 3
5 7 3 3
1 5 2 3
8 9 3 3
5 7 3 3
4 5 1 1
7 9 1 2
5 5 2 2
5 7 2 3
1 6 1 1
3 3 1 1
10 10 1 3
9 9 2 2
7 8 1 1
5 7 2 2
9 9 2 2
5 6 1 1
3 5 3 3
4 6 1 1
1 8 2 3
9 9 2 2
2 8 2 3
8 8 2 2
9 9 1 1
8 8 3 3
1 10 3 3
2 5 2 3
6 8 3 3
3 6 3 3
5 9 2 2
2 3 2 2
1 7 1 1
3 10 2 2
9 10 3 3
9 9 1 1
1 5 3 3
6 7 2 3
4 4 3 3
10 10 1 1
3 8 2 3
2 10 3 3
5 6 1 3
8 10 1 1
10 10 1 3
5 5 2 3
5 6 2 3
1 3 1 1
10 10 1 2
5 9 1 2
7 9 3 3
10 10 1 2
3 3 3 3
8 9 1 1
8 9 1 3
4 4 3 3
1 1 3 3
10 10 2 2
3 7 2 2
3 9 3 3
5 5 1 3
4 9 1 3
6 8 2 2
4 6 3 3
8 10 3 3
6 7 1 1
7 8 1 1
8 9 2 2
7 9 1 2
9 10 1 3
3 5 3 3
4 7 3 3
8 9 1 3
8 8 1 1
4 6 1 3
9 9 3 3
1 2 2 2
7 9 1 3
3 5 2 2
9 9 2 2
6 10 2 2
1 4 1 1
2 8 3 3
7 7 2 2
1 9 3 3
3 9 3 3
3 5 2 3
1 3 3 3
5 10 2 2
4 10 3 3
3 7 2 3
4 6 3 3
6 6 1 2
1 9 3 3
10 10 3 3
5 10 3 3
1 2 2 3
7 7 1 2
10 10 2 3
8 10 2 2
6 10 1 2
8 8 3 3
4 8 2 3
4 6 3 3
7 8 3 3
1 9 1 2
3 6 1 3
3 6 2 2
8 10 3 3
1 4 2 2
4 10 1 3
7 10 3 3
7 10 1 1
1 7 2 3
6 9 1 2
7 8 3 3
10 10 3 3
4 5 1 1
10 10 3 3
8 10 2 2
4 10 3 3
6 7 1 3
6 10 3 3
1 4 3 3
2 3 1 3
7 8 3 3
3 8 3 3
4 6 2 2
7 10 1 3
2 3 3 3
2 2 2 2
6 8 3 3
9 10 1 1
3 4 2 3
6 6 3 3
4 9 1 3
3 5 3 3
8 8 1 2
2 7 3 3
2 9 2 3
4 5 1 3
3 8 2 2
9 9 1 1
10 10 2 2
2 6 3 3
10 10 1 3
10 10 1 3
1 8 3 3
3 9 3 3
1 1 3 3
4 7 2 3
2 5 3 3
4 6 3 3
3 5 3 3
1 2 2 2
5 10 2 2
6 7 1 3
9 9 2 3
4 8 3 3
3 10 2 2
9 10 2 3
9 9 1 1
7 9 2 2
9 10 2 2
2 4 1 1
8 8 3 3
1 5 2 3
9 9 2 3
5 7 2 2
9 10 1 3
9 9 2 2
3 3 1 3
6 9 3 3
3 8 2 2
6 6 3 3
9 9 2 3
7 10 2 3
3 3 1 3
10 10 3 3
7 9 1 3
2 4 3 3
4 5 1 2
9 9 2 2
2 8 3 3
10 10 1 3
2 8 1 2
5 7 1 1
4 4 3 3
5 7 1 3
6 8 1 2
2 2 3 3
7 9 2 2
1 9 3 3
10 10 2 3
7 9 3 3
7 8 1 2
6 8 2 3
9 10 2 2
6 6 1 3
2 3 3 3
7 10 1 1
1 7 1 2
4 10 2 3
1 7 2 3
10 10 3 3
8 8 1 1
9 10 1 1
5 8 1 1
6 8 1 3
1 8 2 2
1 7 1 3
3 6 2 2
7 10 3 3
1 3 2 2
8 8 2 3
4 10 1 2
6 10 1 3
1 8 2 3
6 9 3 3
10 10 2 2
5 6 3 3
6 6 2 2
10 10 1 3
3 10 2 2
8 10 1 2
10 10 1 1
4 4 3 3
8 8 2 2
4 9 1 1
8 9 1 1
3 7 2 2
8 10 2 2
8 9 2 3
5 6 3 3
6 9 1 1
5 10 3 3
7 9 2 3
3 8 3 3
10 10 3 3
2 8 3 3
1 4 2 2
3 6 2 2
6 7 2 3
2 4 2 2
8 9 2 2
9 10 3 3
2 9 1 2
7 10 3 3
7 9 3 3
8 10 1 2
4 4 2 2
5 7 1 1
4 4 1 1
1 8 2 2
1 9 1 3
9 10 2 2
10 10 3 3
4 4 3 3
5 9 2 3
8 8 2 3
4 5 1 1
1 5 1 2
8 8 1 1
9 10 1 1
1 3 1 2
7 7 1 3
8 10 1 2
2 5 2 2
5 5 3 3
9 10 3 3
8 10 3 3
6 6 3 3
1 2 2 3
7 10 1 2
6 9 2 2
1 1 2 3
2 3 2 2
4 7 3 3
4 4 1 3
7 7 3 3
8 10 2 3
2 8 2 2
10 10 1 2
10 10 3 3
2 7 2 2
4 10 3 3
2 6 1 2
6 6 1 3
8 8 1 2
4 7 2 2
8 8 3 3
1 8 2 2
8 9 1 1
8 8 3 3
1 7 1 2
1 4 2 3
4 9 2 2
1 1 1 3
10 10 2 2
4 7 3 3
8 10 1 2
3 6 3 3
8 9 1 1
7 8 3 3
2 9 2 2
8 8 3 3
2 7 3 3
2 5 2 3
8 8 1 1
3 3 1 2
6 6 2 2
2 5 3 3
5 7 1 3
10 10 2 2
4 4 1 1
10 10 3 3
9 10 1 3
9 9 2 3
9 10 1 2
8 10 3 3
8 8 2 3
2 4 2 3
6 7 1 1
1 7 3 3
9 10 1 3
2 2 3 3
7 8 1 1
3 10 3 3
3 9 2 2
4 6 1 2
6 8 2 3
9 10 1 2
6 6 3 3
9 10 1 1
3 10 3 3
4 9 3 3
8 10 1 2
9 9 3 3
1 6 1 2
5 8 2 3
10 10 2 2
1 7 3 3
8 8 1 3
8 8 2 2
3 8 2 2
4 8 1 2
7 9 1 3
1 5 2 3
8 8 2 2
4 8 2 2
4 10 2 3
10 10 2 2
5 10 1 2
4 4 3 3
4 5 1 2
9 10 3 3
8 9 1 3
3 5 1 3
5 7 3 3
2 2 2 3
6 6 3 3
10 10 3 3
7 8 2 3
1 4 2 2
5 10 1 3
8 10 2 3
2 6 1 2
2 2 2 2
3 10 3 3
2 4 3 3
9 10 2 3
10 10 3 3
4 10 1 3
10 10 3 3
1 3 3 3
2 6 3 3
6 10 3 3
1 7 3 3
2 4 1 3
7 10 3 3
3 5 3 3
5 9 2 2
7 8 1 3
1 8 3 3
8 10 3 3
9 9 3 3
3 8 3 3
7 9 3 3
8 10 2 3
2 10 3 3
9 9 2 3
7 8 2 3
6 8 1 1
6 9 2 3
9 9 3 3
1 10 2 3
9 9 1 1
8 10 2 3
2 2 2 3
4 10 3 3
4 4 2 3
5 10 1 1
1 6 3 3
7 9 2 3
3 8 1 2
6 9 3 3
4 5 1 3
10 10 2 2
1 3 3 3
2 8 3 3
1 3 3 3
6 7 3 3
8 9 2 2
2 2 1 1
2 4 1 3
1 7 3 3
1 1 1 3
9 9 2 3
3 7 3 3
1 2 2 2
5 8 1 2
7 10 1 2
8 9 3 3
3 6 3 3
4 10 2 3
7 8 2 3
4 9 3 3
4 10 3 3
6 9 3 3
2 4 2 2
6 10 2 2
10 10 3 3
9 10 3 3
5 10 1 1
9 9 3 3
1 9 1 1
10 10 3 3
9 9 3 3
7 10 3 3
7 7 2 2
3 4 3 3
7 10 2 2
9 9 1 2
6 10 1 2
9 10 1 3
6 10 3 3
5 9 2 3
3 8 3 3
8 9 1 1
8 9 1 2
1 5 2 2
1 8 2 3
9 9 3 3
7 10 1 1
4 9 2 3
1 6 3 3
4 6 3 3
2 7 2 2
10 10 2 2
3 7 1 2
3 5 1 2
2 7 2 3
6 6 2 3
7 10 2 3
3 6 1 3
7 10 2 2
4 6 2 3
7 9 1 1
6 7 2 2
1 6 3 3
8 10 2 3
1 4 3 3
7 9 2 2
8 10 1 3
9 9 2 3
6 8 3 3
5 10 2 2
10 10 1 2
4 10 2 2
10 10 3 3
5 8 3 3
4 8 3 3
5 8 3 3
10 10 3 3
6 9 3 3
7 8 3 3
4 4 2 2
4 10 2 3
4 4 1 2
6 8 1 2
1 6 3 3
5 8 2 3
2 6 3 3
5 5 2 3
7 7 1 2
1 4 1 3
8 8 1 2
4 4 2 3
5 6 2 3
1 4 1 3
1 2 2 2
4 9 1 1
5 5 2 2
6 7 3 3
10 10 2 2
6 9 2 3
7 7 1 1
5 8 3 3
3 7 2 2
10 10 3 3
9 9 2 3
1 4 1 2
2 7 1 2
6 6 3 3
7 9 2 3
5 8 1 2
4 4 1 3
6 7 1 3
1 6 2 2
2 8 2 2
10 10 3 3
10 10 2 3
5 8 3 3
6 10 3 3
10 10 1 3
4 5 1 2
5 6 3 3
4 6 1 3
4 7 2 3
6 8 2 2
8 9 2 3
3 7 3 3
4 4 1 1
6 8 3 3
7 7 3 3
7 8 3 3
6 10 2 2
1 6 1 3
9 9 3 3
5 8 3 3
5 10 3 3
9 9 2 3
10 10 1 2
5 9 3 3
2 9 1 2
10 10 2 3
1 9 3 3
7 7 1 1
4 6 1 2
9 9 1 2
9 10 2 3
9 10 1 1
1 3 2 2
8 10 1 1
8 8 3 3
6 7 1 1
2 4 1 2
1 3 2 2
10 10 2 2
4 7 1 1
7 10 2 3
2 7 3 3
10 10 3 3
5 10 1 2
3 6 3 3
7 9 2 3
10 10 1 3
1 6 2 2
2 6 2 3
7 8 1 1
1 1 1 2
8 10 2 2
1 9 3 3
8 8 2 3
2 9 1 1
3 7 2 3
10 10 1 3
10 10 3 3
7 7 2 2
9 9 2 3
3 8 2 3
10 10 3 3
1 2 3 3
3 4 3 3
1 4 3 3
2 4 3 3
10 10 2 3
1 2 1 3
10 10 1 3
3 9 3 3
2 4 3 3
8 8 3 3
4 4 2 2
8 10 1 2
5 10 1 3
6 8 3 3
4 6 1 3
5 7 2 3
1 9 2 2
2 8 2 2
4 9 1 1
5 6 1 2
10 10 1 1
7 8 1 2
5 9 1 2
4 4 2 2
10 10 1 2
9 10 1 2
4 6 3 3
5 8 1 2
5 9 1 3
9 9 1 3
10 10 2 2
3 10 1 3
10 10 1 3
8 9 3 3
1 5 3 3
8 8 3 3
8 9 1 1
3 8 2 3
10 10 3 3
4 6 1 2
5 7 3 3
10 10 2 3
6 7 2 3
9 9 3 3
2 8 1 3
5 8 2 3
3 10 2 2
7 7 2 2
6 6 1 3
4 8 2 2
8 9 1 1
9 9 1 2
4 9 1 3
7 8 2 3
10 10 3 3
10 10 3 3
1 6 2 3
10 10 3 3
2 5 2 3
9 10 1 1
10 10 3 3
8 10 2 3
9 9 1 3
3 5 1 3
7 10 1 1
3 4 2 3
5 9 3 3
7 7 2 2
3 7 1 3
10 10 2 2
7 7 2 3
5 7 2 3
1 3 3 3
2 9 3 3
4 8 1 2
6 7 1 2
4 9 2 3
7 9 1 1
4 7 3 3
9 9 2 2
10 10 2 3
2 10 2 3
9 10 2 2
2 2 1 3
1 2 2 2
1 2 1 3
3 8 1 2
7 7 1 3
4 6 2 3
4 4 1 3
9 9 3 3
5 6 3 3
10 10 2 2
10 10 2 3
8 10 1 3
9 10 2 2
5 7 2 2
10 10 2 2
3 4 2 2
8 9 1 1
3 7 1 3
8 8 3 3
10 10 3 3
2 9 2 2
10 10 1 2
10 10 2 3
6 8 3 3
10 10 3 3
8 9 2 3
8 9 2 2
1 9 3 3
7 9 3 3
9 10 3 3
10 10 1 2
5 8 3 3
6 8 2 3
2 5 2 3
7 8 2 2
10 10 3 3
10 10 2 3
2 5 3 3
1 10 1 2
9 9 2 2
1 9 1 2
6 10 3 3
3 8 1 3
8 9 2 3
5 7 1 3
2 4 3 3
8 9 3 3
10 10 1 2
3 5 3 3
2 9 3 3
7 7 3 3
6 9 3 3
10 10 1 3
8 9 3 3
2 10 2 3
6 6 3 3
8 10 3 3
10 10 3 3
1 5 3 3
5 10 3 3
6 6 2 3
6 7 1 2
3 6 3 3
1 8 1 3
8 9 3 3
6 10 2 3
2 8 3 3
10 10 1 3
6 6 1 2
8 9 2 3
5 10 2 3
10 10 1 1
8 9 2 3
3 10 1 1
9 9 2 2
4 5 1 2
10 10 1 2
3 9 1 2
9 10 2 2
6 9 3 3
9 9 1 1
8 8 3 3
2 3 2 3
7 7 3 3
10 10 2 2
7 7 1 3
10 10 3 3
8 9 1 3
7 10 3 3
5 10 2 2
9 9 1 3
7 10 2 3
9 9 2 3
6 7 3 3
4 6 2 3
3 7 3 3
9 9 1 2
4 6 2 2
3 5 3 3
2 8 2 2
1 2 3 3
7 10 2 2
2 2 1 1
3 3 3 3
10 10 1 2
8 8 3 3
3 5 3 3
4 5 3 3
5 7 1 3
3 3 2 3
1 2 1 1
7 7 3 3
10 10 3 3
8 8 2 2
7 9 2 2
3 6 2 2
8 10 3 3
9 9 1 3
4 8 3 3
3 7 1 1
1 5 1 2
7 9 2 3
1 9 1 1
7 9 3 3
10 10 3 3
2 2 2 3
6 9 2 2
9 9 2 3
7 10 1 3
8 8 3 3
1 10 2 2
7 9 1 1
6 8 1 1
5 6 1 2
7 10 3 3
1 4 3 3
3 6 1 1
1 6 3 3
3 7 2 2
3 8 1 1
6 6 1 2
6 7 2 3
5 10 2 2
2 9 1 2
5 7 2 3
1 7 1 2
10 10 1 2
8 8 2 2
9 10 3 3
9 9 1 2
2 9 2 3
7 7 2 3
1 1 1 2
5 5 3 3
7 9 2 3
3 5 1 1
10 10 3 3
7 7 3 3
4 8 2 3
5 6 2 2
5 9 1 3
9 10 3 3
5 9 3 3
7 9 1 1
1 1 1 3
3 10 2 2
3 8 2 2
9 9 3 3
7 9 3 3
7 9 1 3
1 8 1 1
6 6 1 1
5 6 3 3
7 10 1 1
9 10 2 2
6 9 2 3
8 10 1 2
3 8 2 3
5 9 3 3
4 10 2 3
3 3 2 3
3 5 3 3
8 9 2 2
8 9 2 3
6 10 3 3
10 10 3 3
4 9 2 2
3 7 1 1
1 8 1 3
4 7 1 2
9 9 2 2
7 10 3 3
10 10 1 3
10 10 3 3
7 8 3 3
7 8 3 3
8 10 2 2
2 2 2 3
10 10 1 2
6 9 1 1
3 6 2 3
2 6 1 3
4 6 2 3
4 9 3 3
6 7 1 3
6 9 3 3
4 8 3 3
2 8 1 3
8 9 1 2
7 7 1 1
4 9 2 2
10 10 1 3
8 9 3 3
10 10 3 3
4 5 3 3
8 9 1 2
5 5 1 3
9 10 3 3
9 10 3 3
2 4 2 2
3 5 3 3
3 3 1 1
6 7 1 3
1 10 3 3
7 10 3 3
6 8 2 3
9 9 2 3
10 10 3 3
3 10 1 2
4 10 2 3
3 10 3 3
2 9 1 2
8 8 3 3
8 9 3 3
9 10 2 2
1 7 1 2
7 10 2 3
10 10 2 2
8 9 2 2
3 7 1 3
1 1 3 3
1 1 2 3
2 8 2 3
9 10 1 1
7 8 1 1
9 10 3 3
1 5 2 2
8 8 2 2
2 2 1 2
7 10 2 3
6 7 1 2
7 9 2 2
6 10 2 2
6 8 1 2
6 8 2 2
6 10 3 3
3 8 3 3
1 5 1 3
4 9 1 2
3 7 1 3
1 7 2 2
6 10 1 1
9 10 3 3
10 10 2 2
8 10 3 3
8 10 3 3
1 8 2 3
6 10 2 3
1 8 1 2
7 9 3 3
10 10 3 3
10 10 2 2
6 9 1 3
7 8 3 3
2 8 1 1
3 10 3 3
10 10 1 2
4 9 1 3
3 3 3 3
7 10 3 3
1 4 1 3
9 9 1 2
8 10 3 3
10 10 1 3
9 10 3 3
4 8 1 3
3 7 1 3
8 9 1 1
4 4 1 1
9 10 1 3
7 8 1 3
4 4 3 3
9 9 2 3
3 6 3 3
6 9 1 1
8 10 3 3
6 10 3 3
8 8 1 1
4 4 2 2
10 10 2 2
7 9 2 3
3 5 3 3
9 9 3 3
10 10 2 2
1 9 3 3
6 6 2 2
4 5 3 3
9 9 2 2
6 9 3 3
8 8 2 3
6 10 1 1
10 10 2 3
3 7 3 3
7 7 2 3
7 10 3 3
4 10 2 3
9 10 1 2
7 9 3 3
8 8 2 2
3 9 2 2
9 9 2 2
6 10 1 2
3 6 1 3
2 2 1 1
7 9 1 3
6 6 3 3
7 10 1 1
3 7 3 3
5 7 2 2
8 10 3 3
10 10 1 2
10 10 3 3
3 9 1 2
5 5 2 3
3 10 3 3
3 10 3 3
5 6 1 3
1 7 1 1
1 5 1 1
9 9 3 3
7 8 1 1
9 9 3 3
10 10 1 2
2 7 2 2
8 10 3 3
1 1 2 3
4 9 2 3
1 5 1 1
4 10 2 2
4 4 2 2
3 3 3 3
10 10 2 3
4 6 3 3
9 10 2 3
8 9 2 3
7 7 3 3
7 9 1 3
4 8 1 3
4 6 1 3
6 7 2 2
1 3 3 3
2 8 1 3
10 10 2 3
4 6 2 3
7 8 1 2
7 9 3 3
10 10 2 2
4 10 2 2
6 6 3 3
3 6 3 3
4 8 3 3
4 6 3 3
4 4 2 2
3 4 2 3
3 5 2 2
3 5 1 3
1 9 3 3
9 9 2 2
7 7 3 3
2 8 1 1
9 9 2 3
5 8 1 1
1 9 3 3
4 4 2 3
8 9 3 3
5 7 1 3
1 10 2 2
10 10 1 3
9 10 3 3
2 7 3 3
3 7 1 3
2 6 2 2
5 5 3 3
7 10 1 2
2 7 2 2
8 10 1 3
8 8 2 2
6 10 3 3
9 10 1 2
6 9 1 1
5 10 3 3
10 10 2 2
10 10 2 3
9 9 2 3
5 5 3 3
3 8 1 1
2 3 2 2
2 8 1 1
9 9 2 2
9 10 3 3
3 7 1 2
4 7 2 2
1 6 3 3
8 10 2 3
2 10 2 2
3 4 2 3
9 9 1 1
2 10 3 3
9 9 2 3
6 6 2 2
9 10 2 2
3 10 3 3
2 6 1 1
6 8 2 2
10 10 3 3
1 3 1 3
6 8 3 3
7 9 3 3
9 9 3 3
5 10 3 3
5 7 1 1
3 5 2 3
10 10 2 2
2 6 1 3
3 5 1 2
7 10 1 2
3 10 2 3
8 10 1 1
9 9 1 2
6 10 1 1
3 6 1 2
6 8 3 3
9 10 2 3
8 8 1 2
3 7 3 3
1 9 1 3
9 10 2 3
6 6 2 2
6 6 2 2
9 9 3 3
2 6 1 1
7 7 2 2
2 3 3 3
6 8 3 3
2 4 1 2
8 9 2 2
9 10 3 3
8 8 3 3
6 7 3 3
3 5 3 3
8 8 1 3
9 10 2 3
9 9 1 2
7 10 2 3
3 5 1 2
8 9 1 2
9 9 1 3
7 10 1 3
8 10 1 3
5 8 2 2
5 6 2 3
8 9 2 3
5 10 1 1
2 2 1 3
7 8 3 3
8 10 2 3
9 9 2 2
1 9 1 2
1 10 3 3
8 10 1 1
8 8 2 3
4 7 2 3
1 4 2 3
9 10 1 2
6 9 2 3
8 8 2 2
5 5 3 3
9 10 2 2
3 7 2 2
3 9 3 3
9 9 3 3
1 9 3 3
6 6 1 2
10 10 3 3
5 10 2 2
4 6 1 3
4 5 3 3
10 10 3 3
5 6 1 3
4 5 3 3
8 9 3 3
8 10 3 3
7 8 3 3
1 8 1 2
3 7 3 3
9 9 1 2
3 5 3 3
1 1 3 3
2 8 2 2
6 10 3 3
1 10 1 3
8 8 1 1
5 5 3 3
8 10 3 3
7 7 1 1
10 10 1 1
9 9 3 3
1 3 3 3
6 10 1 2
3 9 3 3
2 3 2 2
7 7 1 1
7 9 1 2
1 8 2 2
1 2 1 2
2 7 2 2
3 5 3 3
6 6 2 2
4 4 1 1
9 9 2 3
1 8 1 1
9 9 2 3
5 6 2 2
6 8 3 3
9 9 3 3
3 7 2 2
4 6 3 3
7 10 2 3
6 8 3 3
3 5 1 2
4 8 3 3
1 6 3 3
8 10 3 3
3 10 3 3
6 9 2 2
2 10 2 2
2 3 3 3
8 8 1 3
4 9 1 3
7 9 1 3
3 6 1 1
6 6 3 3
10 10 2 3
1 9 3 3
3 9 1 3
4 7 3 3
3 7 3 3
7 9 3 3
7 10 2 2
8 8 2 2
4 8 2 3
8 8 3 3
4 9 2 2
10 10 1 1
2 8 1 3
9 9 1 2
4 5 3 3
1 7 3 3
2 6 3 3
3 10 1 2
7 10 2 3
5 7 2 3
6 6 3 3
3 8 1 1
4 8 3 3
1 8 3 3
3 5 1 3
8 10 2 2
1 1 2 2
3 6 3 3
2 10 3 3
2 9 1 1
4 4 3 3
9 10 3 3
5 9 3 3
1 3 1 3
5 5 1 2
8 8 3 3
5 10 1 1
8 10 3 3
7 9 3 3
3 4 3 3
8 10 1 3
9 10 3 3
7 9 1 1
1 9 1 1
4 8 3 3
10 10 3 3
1 9 3 3
9 9 2 3
9 9 1 1
4 9 2 3
3 5 2 2
10 10 3 3
8 8 2 2
7 9 1 2
8 10 2 3
9 9 3 3
6 10 2 3
6 9 2 3
7 10 1 1
5 10 2 3
7 7 1 1
2 2 2 3
1 5 3 3
3 6 3 3
7 9 2 2
6 6 1 2
6 9 1 3
2 7 3 3
7 10 2 3
3 8 2 2
5 8 1 3
7 7 1 3
5 9 3 3
8 8 1 1
9 10 1 1
2 4 3 3
6 9 3 3
10 10 2 2
8 10 2 2
9 9 3 3
6 7 3 3
4 4 2 3
3 7 3 3
9 10 2 2
9 9 1 3
8 10 3 3
10 10 1 1
6 8 2 2
6 8 1 3
1 1 1 3
7 7 1 2
7 9 1 2
4 8 1 2
5 9 1 3
9 9 1 3
3 5 3 3
8 9 2 2
9 10 3 3
9 10 2 3
1 5 3 3
1 1 1 2
7 8 1 1
1 5 3 3
2 10 2 2
1 3 1 1
7 10 1 1
4 10 1 2
1 7 3 3
7 9 2 3
8 8 2 2
6 9 1 3
2 9 1 2
10 10 1 2
6 7 1 3
2 10 1 2
3 8 3 3
9 9 1 1
9 9 1 3
10 10 3 3
10 10 2 2
5 10 3 3
5 10 1 2
8 10 1 3
3 5 1 2
3 4 1 3
2 4 1 2
4 6 2 3
4 8 2 2
4 8 2 2
4 10 3 3
3 5 1 1
4 6 2 2
3 5 2 3
7 8 1 2
7 10 2 3
4 8 1 1
6 9 1 2
3 10 2 2
4 9 3 3
9 10 2 3
4 6 1 2
10 10 3 3
9 9 2 2
3 8 1 1
8 10 3 3
10 10 1 3
3 7 2 2
9 9 1 1
5 9 1 2
5 5 2 3
8 10 2 3
8 10 1 3
5 5 2 2
4 10 2 3
6 6 1 3
7 9 2 3
1 10 1 1
6 8 3 3
4 9 1 3
8 10 1 1
5 9 2 2
1 5 3 3
1 3 2 3
1 4 2 3
6 10 3 3
5 7 1 2
3 6 3 3
5 5 2 3
7 7 1 2
10 10 3 3
5 7 1 3
8 10 2 3
2 6 2 2
8 9 1 1
3 4 1 1
7 8 1 2
3 6 1 1
4 5 2 2
9 9 2 3
6 7 1 3
3 7 3 3
9 10 3 3
2 6 3 3
9 9 1 1
9 10 2 3
1 10 2 3
1 4 1 1
6 8 1 2
8 9 3 3
2 10 3 3
9 10 2 2
6 8 1 2
1 9 2 3
10 10 2 3
8 9 1 2
9 10 2 2
4 7 1 2
7 8 3 3
1 6 1 2
2 9 2 2
4 4 2 3
7 10 1 3
1 9 1 1
1 8 3 3
10 10 3 3
10 10 1 1
6 10 3 3
8 9 1 3
8 8 3 3
7 8 3 3
1 10 2 2
9 9 2 2
10 10 1 3
2 6 2 3
3 4 3 3
10 10 3 3
9 10 2 3
4 8 2 3
3 8 2 3
7 9 3 3
9 10 1 1
5 7 2 2
4 10 1 3
4 4 1 3
7 9 1 3
7 10 2 3
3 4 2 2
7 9 3 3
6 10 3 3
5 6 2 3
9 9 1 3
8 9 3 3
4 4 1 1
9 9 1 3
1 7 3 3
3 6 3 3
6 8 2 2
4 7 3 3
9 9 3 3
4 10 3 3
2 5 1 3
3 7 3 3
9 10 2 2
5 8 3 3
1 9 2 2
9 9 3 3
8 10 3 3
1 6 1 1
8 9 3 3
8 9 2 2
2 9 2 2
10 10 1 1
5 9 1 1
5 8 3 3
3 5 1 3
8 9 2 3
10 10 1 3
1 7 3 3
9 10 3 3
9 9 1 1
6 8 3 3
5 5 3 3
9 9 3 3
8 8 2 2
10 10 1 2
7 8 2 2
9 10 2 3
10 10 2 3
3 4 1 1
3 7 3 3
4 8 1 3
3 9 1 3
2 9 1 3
7 10 3 3
1 5 1 1
7 9 3 3
10 10 3 3
9 10 3 3
8 10 1 2
10 10 3 3
10 10 2 2
10 10 2 3
9 10 3 3
5 10 1 2
4 7 1 2
2 8 1 1
5 10 1 3
8 10 1 2
1 2 2 3
2 6 1 3
1 1 1 3
1 6 2 3
2 4 3 3
6 10 3 3
9 10 1 3
6 8 1 2
10 10 2 2
6 9 1 3
7 8 2 3
8 8 1 3
10 10 3 3
6 6 2 2
7 8 1 2
10 10 2 2
5 6 2 2
9 10 2 2
3 6 3 3
8 10 3 3
1 9 3 3
4 10 2 3
8 9 3 3
4 6 2 3
10 10 3 3
9 10 3 3
9 10 1 2
4 9 1 2
2 10 2 2
9 10 3 3
8 9 1 1
7 7 3 3
4 10 1 3
5 10 2 2
10 10 2 2
6 10 2 2
5 8 3 3
2 3 2 2
1 6 1 1
9 9 2 3
6 9 3 3
9 10 1 2
1 7 1 3
8 8 1 2
6 8 1 3
1 1 1 1
3 4 3 3
8 10 1 1
3 8 2 2
10 10 2 2
2 10 3 3
10 10 2 3
5 8 2 3
4 9 3 3
9 10 1 1
3 7 1 1
1 3 2 3
3 7 3 3
4 5 2 2
9 10 3 3
9 9 1 1
9 10 3 3
6 9 3 3
1 8 1 2
3 10 2 2
8 9 1 1
8 9 1 3
8 10 3 3
2 3 2 2
4 8 1 2
1 7 3 3
9 9 2 3
6 6 2 2
4 6 3 3
6 10 3 3
7 9 1 3
3 8 3 3
3 9 1 3
5 6 2 3
6 9 1 1
8 8 1 2
8 10 1 1
9 10 3 3
3 8 1 3
6 10 3 3
10 10 3 3
8 9 1 3
6 7 2 3
9 9 2 3
1 7 1 1
10 10 1 1
6 9 2 3
4 6 2 2
9 10 1 3
2 6 3 3
6 6 2 2
8 9 1 1
3 4 1 1
2 3 3 3
5 7 2 3
1 7 1 3
4 8 1 3
10 10 2 3
4 7 2 2
4 10 3 3
3 4 3 3
10 10 3 3
9 10 2 2
2 10 2 3
1 6 1 2
2 8 2 2
4 7 1 3
9 9 2 3
9 9 1 2
8 8 1 2
8 9 2 3
3 3 3 3
1 1 2 2
3 9 1 2
10 10 3 3
8 9 1 3
4 10 1 2
3 3 1 2
9 10 1 1
1 2 1 2
7 8 2 3
4 6 2 2
4 8 1 3
1 4 3 3
2 3 1 2
4 8 2 3
1 6 1 1
8 9 1 1
9 9 3 3
7 10 2 2
5 5 1 1
1 9 3 3
6 9 2 3
7 9 3 3
5 7 2 2
10 10 1 1
5 10 1 2
1 2 1 3
5 6 1 1
3 4 3 3
9 9 2 3
9 9 1 3
1 4 2 3
7 7 2 3
4 8 1 1
1 2 1 1
6 8 3 3
5 5 2 3
2 8 3 3
8 8 1 3
6 6 1 2
2 2 1 1
5 9 2 2
10 10 2 3
7 8 2 2
8 10 1 1
5 9 2 2
5 5 3 3
1 9 2 2
1 1 1 2
3 8 3 3
1 10 1 1
1 5 1 3
9 10 1 2
9 10 3 3
1 6 1 1
10 10 3 3
9 10 2 2
9 9 3 3
4 9 1 3
3 8 1 3
6 10 2 2
9 10 2 2
2 3 2 2
1 1 3 3
7 10 2 3
10 10 2 2
10 10 1 3
1 6 3 3
5 9 3 3
6 8 2 2
6 7 3 3
5 7 3 3
4 10 3 3
3 6 2 3
1 7 3 3
1 8 2 3
4 6 3 3
10 10 1 2
4 7 2 2
7 7 3 3
3 5 3 3
2 9 1 2
8 8 3 3
5 5 3 3
10 10 1 2
10 10 1 3
7 10 3 3
8 8 3 3
1 7 3 3
5 9 2 2
5 7 2 2
9 9 3 3
9 9 3 3
1 3 2 2
5 9 2 3
3 7 3 3
1 9 1 2
6 7 3 3
6 10 2 2
5 7 1 1
4 4 1 2
9 9 3 3
3 10 1 3
6 6 2 2
4 5 2 2
6 10 2 2
2 6 2 2
4 5 3 3
2 7 3 3
4 10 1 2
1 2 3 3
1 2 3 3
9 9 2 2
8 9 3 3
10 10 3 3
4 4 1 1
8 10 1 3
8 8 2 2
8 10 2 3
8 10 2 3
1 7 2 3
2 5 1 3
10 10 2 2
1 4 1 3
4 10 1 1
5 10 3 3
3 10 1 2
2 10 3 3
7 8 1 2
8 9 1 1
7 9 3 3
7 7 3 3
1 8 3 3
4 4 1 1
2 4 3 3
10 10 1 1
1 6 1 1
1 10 3 3
9 9 1 1
6 9 2 2
4 4 2 2
2 6 2 2
1 6 3 3
3 5 3 3
2 3 3 3
6 10 1 1
1 5 3 3
1 7 1 2
4 5 1 3
3 9 3 3
5 9 3 3
4 7 2 2
4 10 2 3
6 8 2 3
7 8 2 2
4 5 1 1
10 10 2 2
7 7 2 2
1 8 1 1
2 10 2 2
2 9 3 3
3 3 2 3
9 9 2 2
6 8 1 3
1 10 1 3
3 7 2 3
1 4 2 2
10 10 2 3
5 7 1 1
5 6 2 3
8 8 1 3
1 8 2 2
7 7 3 3
4 10 2 2
1 7 3 3
4 4 1 1
5 5 3 3
6 10 3 3
2 4 3 3
4 8 1 3
5 10 1 2
3 6 3 3
3 7 2 3
10 10 2 2
9 9 1 2
10 10 3 3
7 8 2 3
2 9 2 2
3 8 3 3
3 3 1 2
4 7 3 3
5 6 3 3
1 2 1 3
9 9 3 3
8 9 1 1
1 7 2 2
3 5 1 1
2 4 3 3
4 9 2 2
8 9 1 2
7 7 2 2
9 10 3 3
1 10 2 3
4 8 2 3
1 5 3 3
5 10 3 3
4 5 3 3
10 10 1 2
8 10 2 2
3 5 1 1
8 10 2 3
7 8 3 3
2 10 2 2
2 8 2 3
2 5 1 3
3 4 3 3
3 4 1 3
3 3 3 3
1 9 2 3
6 7 1 2
8 9 2 2
8 9 1 2
2 9 2 2
3 4 2 2
9 9 1 3
10 10 2 3
1 3 1 1
2 3 3 3
5 10 3 3
6 7 1 2
4 7 1 1
1 6 1 3
3 8 2 3
4 9 2 2
10 10 1 2
5 10 3 3
7 10 2 2
1 10 2 3
3 9 2 2
9 9 3 3
5 10 2 2
6 8 1 2
9 10 2 3
6 6 3 3
2 7 1 1
9 10 2 3
10 10 3 3
7 9 3 3
9 9 2 3
4 8 3 3
6 10 1 3
4 4 1 3
6 6 1 3
3 3 2 3
7 8 3 3
5 8 3 3
1 5 3 3
1 9 1 3
3 8 3 3
9 10 2 3
4 5 1 3
10 10 2 2
4 10 3 3
5 7 1 2
8 10 2 3
5 10 3 3
1 10 3 3
4 8 2 3
1 4 1 3
3 9 1 2
7 9 1 1
6 6 3 3
2 3 2 2
9 9 3 3
9 10 3 3
6 6 2 3
8 10 1 3
8 9 2 3
1 6 2 3
4 9 2 3
9 10 2 3
4 8 3 3
8 8 3 3
2 6 1 3
9 9 2 2
8 10 1 2
6 10 1 3
1 7 1 3
9 10 1 2
7 9 1 1
1 1 3 3
10 10 1 3
10 10 2 3
10 10 2 2
10 10 3 3
7 9 2 2
8 9 1 3
7 7 1 1
10 10 1 1
4 8 3 3
10 10 2 2
2 6 2 3
9 10 1 2
7 9 3 3
1 1 1 1
9 10 1 3
8 9 3 3
6 8 3 3
7 7 2 3
1 7 1 3
4 4 1 3
1 4 2 2
7 7 1 2
5 6 1 1
9 9 3 3
4 5 2 3
5 6 3 3
3 6 1 3
9 9 1 3
8 10 1 2
6 9 1 2
2 4 2 3
9 10 2 3
5 5 1 3
3 10 2 2
4 10 2 3
8 9 2 2
6 7 2 2
3 8 2 2
9 9 3 3
7 10 3 3
3 10 2 3
6 7 1 1
6 8 1 3
3 10 3 3
4 7 2 3
9 9 3 3
10 10 1 2
10 10 1 3
7 8 1 1
3 8 2 3
4 7 3 3
4 4 1 3
10 10 3 3
7 7 2 3
5 10 2 3
8 10 1 3
1 1 2 2
10 10 3 3
4 10 2 2
9 9 3 3
3 9 3 3
3 9 3 3
10 10 1 3
4 4 3 3
5 9 2 2
1 6 1 1
10 10 2 2
6 6 3 3
4 8 3 3
2 8 1 3
10 10 2 3
3 4 1 2
8 10 1 2
2 9 2 3
5 10 3 3
9 10 3 3
1 1 2 2
4 4 2 3
8 8 1 2
3 8 2 2
9 10 2 3
3 9 1 1
8 10 2 3
3 7 3 3
3 4 2 2
1 9 1 1
8 10 1 3
1 6 2 3
2 10 3 3
7 7 3 3
6 6 3 3
4 5 1 2
2 5 3 3
2 8 2 2
3 4 3 3
9 9 2 3
8 10 2 2
5 5 3 3
6 7 1 3
1 4 2 2
10 10 1 2
8 10 3 3
3 8 1 1
4 4 2 3
1 5 3 3
5 6 3 3
10 10 2 3
9 10 2 3
7 9 1 3
1 6 3 3
4 6 2 3
2 2 1 1
6 9 3 3
3 4 2 3
1 9 1 1
9 10 1 3
5 7 1 3
3 5 2 2
6 9 3 3
2 8 1 2
3 9 3 3
8 8 3 3
2 10 2 3
4 10 2 3
8 10 1 2
2 5 1 1
4 8 2 3
10 10 3 3
5 10 3 3
5 6 3 3
2 8 1 3
2 3 1 3
10 10 2 2
4 6 1 2
1 3 2 2
5 10 1 1
7 9 1 2
5 6 3 3
9 10 3 3
10 10 3 3
5 6 3 3
8 10 1 3
5 7 1 1
5 7 3 3
6 10 3 3
1 7 3 3
6 9 3 3
4 7 2 2
9 10 3 3
7 9 2 3
8 10 1 1
4 4 3 3
9 9 2 3
4 6 3 3
3 5 2 3
2 5 1 3
6 9 2 2
2 9 2 2
5 9 1 1
2 6 1 1
6 9 3 3
2 3 2 2
7 10 1 2
10 10 2 2
7 9 2 2
7 8 3 3
10 10 1 3
4 7 2 3
1 8 3 3
4 6 3 3
10 10 1 3
10 10 2 2
10 10 1 2
7 8 3 3
1 9 3 3
4 5 3 3
3 7 2 3
3 8 3 3
3 8 2 2
8 10 3 3
3 4 1 3
4 7 1 2
8 9 3 3
3 8 2 2
1 10 2 2
2 8 2 3
9 10 1 1
8 9 1 1
6 10 3 3
10 10 2 2
6 9 1 1
9 10 1 2
1 2 1 2
8 8 2 2
3 9 1 2
7 9 3 3
7 8 1 1
2 10 2 3
7 7 2 2
3 5 1 2
3 10 2 3
8 9 1 2
6 8 3 3
4 4 3 3
4 6 1 3
6 10 2 2
6 10 1 3
9 9 3 3
5 6 3 3
8 8 1 1
7 8 2 3
7 8 3 3
3 9 1 1
10 10 1 1
10 10 2 3
7 9 2 2
8 8 2 3
8 9 2 3
8 8 3 3
10 10 3 3
1 2 2 3
3 9 2 3
10 10 1 2
5 7 3 3
9 9 3 3
4 5 1 2
10 10 3 3
4 9 1 3
7 9 1 1
9 10 2 3
3 8 2 2
4 5 1 1
4 10 3 3
5 6 1 1
2 2 1 3
7 9 3 3
9 10 2 2
4 9 3 3
10 10 1 1
1 5 3 3
8 8 3 3
2 3 3 3
8 8 1 3
3 6 2 2
10 10 2 2
7 10 1 1
2 9 3 3
8 10 3 3
7 7 3 3
6 7 3 3
7 9 2 3
6 8 3 3
9 10 1 3
9 9 3 3
5 6 1 3
3 5 3 3
2 8 2 2
1 8 1 2
10 10 2 3
5 6 1 2
6 9 3 3
7 9 3 3
9 10 1 3
4 6 2 3
10 10 2 3
5 5 3 3
8 9 1 2
9 9 2 2
5 9 3 3
6 6 3 3
6 9 1 3
9 9 3 3
9 10 3 3
6 8 3 3
2 6 1 1
2 6 3 3
2 6 3 3
7 8 2 3
2 7 3 3
6 7 2 3
3 9 2 2
5 8 3 3
8 8 3 3
1 10 2 3
10 10 2 2
2 6 3 3
2 5 2 2
8 9 3 3
10 10 3 3
3 6 1 1
8 10 1 2
4 6 3 3
3 5 3 3
9 10 1 1
8 10 2 3
9 9 3 3
6 7 3 3
4 4 2 2
5 9 1 3
6 10 1 1
2 5 1 3
1 10 3 3
4 4 1 3
5 6 2 3
2 6 2 3
7 9 1 3
1 8 3 3
10 10 2 2
4 8 2 2
5 10 1 2
3 4 2 2
8 8 1 2
7 7 3 3
7 10 1 2
5 7 2 2
10 10 1 1
10 10 3 3
7 7 1 3
1 8 3 3
3 7 2 2
2 10 2 2
3 8 2 3
6 8 2 2
7 7 3 3
9 10 3 3
9 10 2 2
7 7 3 3
10 10 3 3
2 5 1 3
8 10 2 2
9 10 2 3
3 6 2 3
6 6 3 3
2 9 2 3
5 7 3 3
5 9 2 2
8 8 1 1
6 8 1 1
3 6 2 3
4 6 1 2
6 8 1 3
5 8 3 3
5 7 1 3
1 1 1 2
9 9 3 3
8 9 3 3
8 8 2 3
5 8 3 3
5 6 1 3
9 9 1 3
9 10 2 3
2 2 1 2
10 10 1 2
3 4 1 3
8 10 3 3
10 10 2 3
8 9 1 3
1 8 3 3
3 10 1 2
10 10 2 3
1 8 3 3
7 10 2 3
9 9 2 3
1 6 3 3
6 7 1 3
7 9 3 3
7 9 1 3
2 9 2 2
1 10 1 1
10 10 2 2
2 7 1 1
2 4 1 1
4 7 3 3
6 9 1 1
5 10 1 2
5 8 3 3
6 7 2 2
3 6 1 2
6 9 1 3
8 8 3 3
1 1 2 3
9 10 2 2
4 5 2 2
7 7 3 3
4 9 3 3
7 9 1 3
10 10 1 1
10 10 2 2
2 2 2 3
3 10 1 1
6 8 3 3
2 8 3 3
7 7 1 1
4 7 2 2
5 5 2 2
5 10 2 3
7 8 3 3
7 8 1 2
10 10 2 2
3 4 2 2
9 10 3 3
3 10 1 3
6 10 2 3
4 5 3 3
3 7 1 1
5 5 2 3
7 9 3 3
1 9 1 1
3 3 3 3
6 6 1 2
7 8 3 3
7 9 2 3
2 3 2 3
2 6 1 1
5 9 2 2
10 10 3 3
4 6 2 2
10 10 2 3
7 7 1 3
6 9 2 3
7 7 3 3
2 5 1 3
6 10 1 3
3 3 2 2
8 8 3 3
4 5 1 3
4 8 1 2
2 3 1 2
4 6 1 3
7 9 2 2
2 7 2 3
8 9 2 3
7 7 3 3
1 9 2 2
10 10 2 2
9 9 2 3
1 3 2 2
5 10 3 3
4 4 1 3
5 8 2 2
1 7 2 2
7 9 3 3
5 6 1 1
3 9 2 2
10 10 1 3
7 10 2 3
8 8 1 3
6 9 3 3
3 8 2 2
5 10 2 3
6 7 3 3
8 10 1 3
10 10 2 3
10 10 1 2
8 9 3 3
2 7 1 3
2 4 3 3
7 8 3 3
2 9 1 3
4 10 3 3
8 9 2 3
7 7 1 1
3 7 1 1
4 4 2 3
5 6 2 3
9 9 3 3
5 5 3 3
10 10 3 3
5 5 1 3
6 6 1 3
2 6 2 3
1 9 2 2
2 3 1 2
4 4 2 3
4 7 3 3
10 10 3 3
7 8 3 3
5 10 2 3
10 10 3 3
6 8 2 2
9 10 1 2
8 8 2 2
3 6 1 1
5 9 3 3
8 9 3 3
8 8 3 3
7 8 2 2
2 10 3 3
3 5 3 3
4 7 3 3
2 9 1 1
6 6 3 3
5 9 1 2
1 7 3 3
8 9 2 2
2 4 1 2
7 7 1 2
5 5 2 3
6 7 3 3
7 10 1 2
6 7 2 2
4 4 1 1
8 10 3 3
10 10 2 2
2 3 1 1
6 7 3 3
6 9 2 2
6 9 1 3
3 3 2 2
7 8 2 3
7 7 2 3
1 10 1 1
5 5 2 2
3 10 1 1
7 7 1 1
10 10 2 3
10 10 2 3
10 10 1 1
10 10 2 2
5 5 1 3
6 9 1 2
9 9 2 2
8 10 2 3
6 10 2 2
3 5 3 3
6 6 3 3
6 10 1 2
8 9 2 2
4 10 3 3
4 6 1 3
7 8 3 3
6 10 2 3
4 4 1 1
3 7 2 2
2 5 3 3
10 10 3 3
7 10 3 3
6 6 1 1
1 4 1 3
3 7 2 3
8 10 1 3
10 10 1 3
4 8 1 2
5 8 3 3
1 1 2 3
7 10 2 2
6 6 1 1
6 6 2 2
7 10 1 2
10 10 3 3
6 7 1 1
7 10 1 2
8 8 1 3
9 10 1 2
8 10 1 2
6 8 2 3
4 4 1 2
6 8 1 2
1 2 2 3
2 4 1 2
10 10 3 3
5 9 1 1
5 10 1 2
8 9 2 3
3 7 1 3
2 6 1 2
6 6 3 3
9 10 1 3
9 9 2 3
6 9 3 3
6 9 2 2
4 6 2 2
9 9 2 3
2 4 3 3
6 7 1 3
8 9 1 2
9 9 2 3
6 8 1 1
10 10 1 1
4 8 3 3
1 1 3 3
6 9 1 2
7 7 1 2
7 9 3 3
10 10 3 3
5 9 1 2
3 7 2 3
1 9 2 3
4 10 2 3
6 7 1 1
1 7 1 1
10 10 1 1
5 8 3 3
2 2 1 2
2 6 2 2
2 6 3 3
5 7 3 3
7 9 1 1
3 6 2 2
7 9 2 3
8 10 2 3
8 10 2 2
9 9 2 2
10 10 1 2
4 9 1 1
2 5 3 3
8 10 1 3
3 5 2 3
9 9 3 3
5 6 2 3
8 8 2 3
2 5 2 3
4 6 1 1
6 10 3 3
7 10 2 3
4 6 1 3
4 8 2 2
10 10 3 3
7 7 2 2
10 10 3 3
4 8 2 3
7 8 1 1
9 10 2 3
2 5 1 2
3 4 3 3
8 10 1 3
8 10 1 1
1 2 1 2
7 9 3 3
2 7 2 3
8 10 3 3
7 7 3 3
3 3 2 3
10 10 3 3
3 8 1 1
10 10 3 3
8 8 1 1
5 6 3 3
3 4 3 3
10 10 2 3
3 7 1 1
2 3 1 1
1 9 1 1
3 9 1 3
2 6 1 3
10 10 3 3
10 10 3 3
3 8 1 1
6 9 3 3
9 10 1 3
8 9 3 3
6 10 1 1
8 9 2 2
3 7 3 3
4 4 1 2
2 2 2 2
6 7 3 3
6 6 1 2
8 8 3 3
6 9 1 2
2 7 1 1
5 9 3 3
1 7 3 3
5 5 3 3
9 9 1 2
7 7 1 2
3 6 2 3
3 4 1 1
5 8 1 3
6 10 2 3
4 6 1 3
10 10 3 3
3 7 1 2
5 7 2 2
1 3 1 2
4 7 2 2
1 4 2 2
10 10 2 2
3 6 1 3
7 9 1 2
3 9 2 2
3 6 1 1
6 7 3 3
4 5 1 1
2 6 1 2
3 8 1 1
5 9 2 2
10 10 3 3
8 8 2 3
9 9 2 3
3 3 2 2
1 2 3 3
2 9 3 3
5 9 3 3
8 9 3 3
7 9 1 3
8 10 3 3
4 4 1 2
8 8 3 3
4 8 3 3
10 10 1 2
10 10 1 1
4 10 1 1
4 9 3 3
9 10 2 2
10 10 2 2
9 10 1 2
4 5 1 2
7 9 2 3
9 10 3 3
7 7 2 3
4 5 2 2
6 7 3 3
2 9 2 2
5 7 2 3
5 10 1 1
10 10 1 1
10 10 1 2
10 10 1 3
10 10 2 3
9 10 1 2
3 6 2 3
8 10 1 1
10 10 2 2
3 9 3 3
2 8 2 2
3 3 2 3
4 6 3 3
1 10 1 2
3 10 1 2
7 9 1 2
10 10 1 1
4 4 3 3
1 6 3 3
6 7 1 3
3 7 1 3
4 6 3 3
6 6 1 3
9 9 3 3
1 2 2 3
8 10 3 3
3 8 2 2
1 6 1 3
3 10 3 3
9 10 2 2
1 8 2 2
2 6 1 1
10 10 3 3
6 9 2 3
10 10 2 3
9 9 3 3
3 10 2 3
5 6 2 3
10 10 1 3
6 9 3 3
10 10 1 3
8 9 2 2
8 10 3 3
7 7 2 2
6 10 3 3
7 10 3 3
4 8 2 3
9 9 3 3
2 2 1 2
8 9 2 2
2 5 1 2
2 7 1 1
7 8 1 1
9 9 2 3
1 6 3 3
4 5 3 3
5 6 2 3
6 7 3 3
8 9 1 1
9 10 1 1
7 9 3 3
7 8 2 3
8 8 2 2
8 10 3 3
8 10 1 1
9 9 1 1
6 6 3 3
8 9 2 3
1 6 3 3
7 7 3 3
8 9 3 3
4 6 3 3
5 10 2 3
6 6 2 2
9 9 1 2
8 9 3 3
10 10 3 3
1 3 1 3
5 10 2 3
9 9 2 2
5 5 3 3
3 10 3 3
4 7 2 3
1 3 3 3
6 8 2 2
6 10 2 3
4 7 3 3
8 10 2 2
6 9 3 3
10 10 2 2
2 3 3 3
7 7 2 2
9 9 2 3
8 10 3 3
3 6 2 2
5 9 2 3
8 9 2 3
3 5 3 3
2 10 3 3
6 7 3 3
3 8 3 3
9 10 2 2
9 10 1 2
5 10 2 3
5 5 3 3
3 5 1 1
6 10 1 2
10 10 1 3
9 10 2 3
7 10 3 3
1 3 3 3
1 6 3 3
7 10 1 3
7 9 2 2
9 9 1 2
5 10 3 3
10 10 1 3
6 10 2 2
5 10 3 3
7 8 1 1
7 8 3 3
5 8 1 2
5 6 3 3
10 10 3 3
6 10 1 3
3 3 2 2
1 8 1 1
2 7 2 2
3 5 3 3
4 10 1 3
9 10 3 3
6 9 3 3
4 5 2 2
2 4 2 3
1 7 1 2
10 10 3 3
7 9 2 3
10 10 1 1
1 5 1 2
7 9 2 3
6 9 1 1
5 9 2 3
6 9 2 3
7 8 1 2
9 9 1 2
8 8 2 2
7 8 3 3
4 9 3 3
9 9 3 3
2 2 3 3
2 8 1 3
5 8 2 3
10 10 1 1
2 3 2 3
10 10 1 3
8 9 1 2
7 9 1 3
7 10 2 3
6 9 2 3
6 7 1 1
10 10 1 1
4 4 3 3
8 10 1 1
9 10 1 2
10 10 2 3
3 5 1 2
9 9 2 2
1 4 3 3
2 8 2 3
7 10 2 3
8 8 1 3
5 7 2 3
8 8 3 3
5 5 2 2
1 1 2 2
6 9 2 3
8 9 3 3
3 5 3 3
8 8 1 3
8 8 3 3
2 2 3 3
5 6 1 1
6 8 2 3
10 10 1 3
8 8 1 2
8 8 3 3
8 9 1 2
3 7 3 3
2 9 3 3
4 8 3 3
9 9 3 3
3 10 3 3
1 9 3 3
6 6 1 1
9 10 2 3
5 8 1 3
6 7 3 3
2 6 1 1
10 10 2 2
1 8 2 2
8 8 1 1
7 8 1 1
2 2 2 2
1 9 2 3
2 6 2 3
2 10 3 3
7 9 1 3
9 9 3 3
9 9 2 3
5 6 3 3
9 10 1 1
5 9 1 1
8 9 3 3
8 8 2 2
8 10 3 3
8 10 1 2
8 9 3 3
10 10 2 2
6 9 1 2
6 8 2 2
5 10 2 2
4 7 3 3
1 7 3 3
8 9 1 2
10 10 2 3
10 10 3 3
3 9 2 3
4 6 2 2
9 9 3 3
4 8 1 3
10 10 2 3
4 10 3 3
10 10 2 2
1 7 1 2
1 10 3 3
8 10 3 3
9 10 3 3
10 10 3 3
9 10 3 3
1 9 2 2
9 9 1 2
1 2 2 3
10 10 3 3
3 8 3 3
6 6 2 3
2 2 2 3
9 10 3 3
8 8 2 3
5 10 2 3
4 8 1 3
1 2 3 3
3 3 1 2
10 10 1 3
7 9 2 2
8 10 1 3
10 10 1 3
4 4 2 2
7 9 1 1
7 8 3 3
7 8 3 3
2 5 2 3
1 10 1 1
8 10 2 2
4 9 1 3
8 9 3 3
8 10 2 2
2 3 1 3
4 5 1 2
2 9 3 3
10 10 1 2
4 5 2 2
7 8 2 2
9 10 3 3
2 9 2 3
6 9 1 3
2 3 1 3
5 6 2 3
1 6 3 3
9 10 3 3
7 7 2 3
5 5 1 1
1 9 2 3
9 10 3 3
1 10 2 2
7 10 2 3
9 10 3 3
7 9 3 3
3 10 1 3
4 5 3 3
5 5 2 2
10 10 2 3
10 10 3 3
2 5 1 2
9 9 3 3
10 10 3 3
8 9 2 3
7 7 2 3
10 10 2 2
7 7 1 1
7 10 3 3
7 10 1 3
1 7 2 3
5 7 2 3
10 10 1 2
3 5 3 3
10 10 1 1
5 8 1 3
7 8 2 2
4 6 2 3
6 10 2 2
10 10 1 2
5 10 3 3
7 9 3 3
1 6 2 3
1 10 2 2
8 8 2 3
4 4 1 2
4 10 2 2
9 10 1 2
2 6 1 1
5 6 2 2
2 4 1 3
7 8 1 2
5 10 1 3
1 4 3 3
9 9 3 3
6 7 3 3
9 10 3 3
1 7 1 3
8 9 1 2
7 10 1 2
1 6 3 3
10 10 1 1
10 10 2 3
2 6 3 3
2 9 2 2
9 10 3 3
7 7 2 2
10 10 1 1
7 10 3 3
10 10 3 3
10 10 1 3
4 9 1 1
3 7 3 3
9 10 1 3
5 8 3 3
9 10 2 3
5 8 2 3
5 5 1 2
2 6 1 2
8 8 1 1
7 10 1 2
6 9 3 3
2 4 2 3
7 8 3 3
6 8 2 3
7 7 1 1
8 9 1 1
2 6 1 3
5 6 3 3
7 10 2 3
7 9 3 3
7 9 1 3
5 9 1 2
2 5 2 2
10 10 1 2
5 8 1 3
3 4 1 2
7 7 3 3
10 10 1 1
7 7 2 2
6 8 1 3
3 9 1 3
5 6 1 2
5 10 1 2
10 10 1 3
2 3 1 2
8 8 2 2
6 9 1 1
5 6 2 3
3 8 2 2
5 9 2 2
1 7 2 2
10 10 3 3
8 10 3 3
4 9 3 3
1 9 2 3
3 4 2 2
10 10 1 1
5 8 1 3
10 10 1 3
3 5 3 3
10 10 3 3
1 10 1 1
9 9 1 2
7 9 3 3
3 8 1 1
5 5 1 2
10 10 1 2
9 10 1 3
5 7 1 1
10 10 1 2
8 8 2 3
2 6 1 3
9 10 1 3
4 5 3 3
4 4 2 3
9 9 3 3
7 7 3 3
3 5 1 1
7 7 3 3
3 4 1 2
6 6 1 3
8 9 1 1
7 9 3 3
7 10 1 2
7 9 2 3
8 8 2 2
8 9 2 2
10 10 1 2
8 8 3 3
9 10 1 2
6 9 3 3
3 3 2 2
10 10 2 3
9 9 3 3
4 6 3 3
1 4 1 3
10 10 2 3
1 5 2 3
2 9 1 3
8 10 1 2
7 8 3 3
3 9 1 1
8 8 3 3
9 10 1 2
6 9 1 1
10 10 2 3
4 8 3 3
10 10 3 3
6 9 2 3
7 7 2 2
8 9 3 3
4 9 2 3
3 8 2 2
5 8 2 2
8 9 2 2
6 9 1 1
2 8 2 2
10 10 3 3
8 8 2 2
7 7 2 3
2 6 3 3
10 10 1 3
2 8 2 3
10 10 2 3
3 3 2 3
5 8 1 1
8 10 3 3
10 10 2 3
7 8 1 3
7 7 3 3
4 5 3 3
3 9 1 2
9 10 1 3
4 7 1 3
6 7 2 2
1 7 2 3
2 8 3 3
6 9 1 3
1 6 3 3
8 10 2 2
1 7 2 2
6 8 2 2
7 10 2 2
9 9 2 2
5 7 2 3
8 8 3 3
10 10 3 3
10 10 2 2
4 10 2 2
10 10 1 1
5 5 2 2
6 10 3 3
7 7 3 3
5 8 3 3
7 10 1 1
6 10 1 3
1 10 3 3
2 3 2 2
3 10 3 3
1 9 3 3
5 5 1 3
7 7 3 3
6 9 3 3
7 7 3 3
3 9 1 3
9 10 3 3
5 9 2 2
4 10 1 2
4 6 2 2
3 7 1 2
7 7 2 2
5 9 3 3
7 10 1 1
10 10 2 2
4 5 1 3
7 9 1 3
6 7 3 3
8 9 2 3
2 4 1 3
3 7 3 3
1 2 2 3
9 10 1 3
10 10 1 1
6 10 1 3
5 8 2 2
6 10 3 3
3 7 2 2
10 10 2 2
4 10 2 2
8 8 2 2
8 8 3 3
9 10 1 2
2 6 3 3
3 4 2 3
7 8 2 3
10 10 2 2
2 4 2 2
2 8 3 3
5 5 2 2
10 10 3 3
9 9 2 3
6 10 2 3
7 9 2 2
6 9 2 2
9 10 2 3
8 10 2 3
2 10 1 3
1 10 1 1
1 4 3 3
10 10 1 2
3 6 3 3
5 9 2 2
10 10 2 3
5 5 2 2
7 8 3 3
7 8 2 3
1 5 2 3
9 10 1 2
8 8 3 3
4 5 1 3
4 8 3 3
6 8 3 3
10 10 1 2
7 8 3 3
5 9 1 2
5 6 3 3
2 5 2 3
1 6 3 3
3 8 1 2
5 7 3 3
4 6 1 2
3 9 3 3
4 6 2 2
8 10 3 3
6 10 2 3
6 8 1 2
4 8 1 3
2 8 3 3
2 10 3 3
5 7 2 3
10 10 3 3
10 10 2 2
9 10 2 3
7 10 2 3
6 6 2 3
9 10 3 3
1 10 3 3
7 8 2 2
5 5 2 3
7 8 2 3
7 9 2 2
8 9 2 3
4 4 3 3
8 10 1 1
2 4 2 3
4 9 3 3
7 10 2 2
9 9 2 2
7 7 2 3
7 10 1 3
7 7 2 2
8 9 3 3
1 6 1 1
5 8 1 2
4 10 2 2
10 10 2 2
9 9 2 3
10 10 3 3
8 8 2 3
4 5 2 2
9 9 2 2
6 9 1 1
2 2 3 3
9 9 3 3
5 10 3 3
4 9 2 3
5 9 1 2
5 8 3 3
6 6 3 3
6 7 2 3
3 6 2 2
6 7 3 3
8 9 1 1
7 7 3 3
9 9 1 1
1 9 2 3
2 6 3 3
6 8 2 3
8 9 2 3
10 10 1 2
3 5 2 3
4 5 2 3
1 8 3 3
4 10 1 3
5 7 1 1
8 8 2 2
7 9 3 3
8 9 3 3
2 3 2 2
5 8 3 3
9 9 2 2
8 9 1 3
1 8 3 3
2 7 1 2
1 5 2 3
8 8 2 3
3 8 1 2
4 4 3 3
7 7 2 2
2 6 2 2
6 7 2 2
1 1 1 2
5 5 1 1
8 8 1 2
6 10 2 3
10 10 1 3
1 3 1 2
7 9 2 3
6 6 3 3
6 8 2 3
5 7 3 3
1 9 3 3
10 10 2 2
5 6 3 3
9 9 2 2
9 9 1 1
10 10 1 1
4 4 2 2
9 10 2 2
4 6 2 3
1 8 3 3
8 10 3 3
7 7 2 2
9 10 3 3
4 4 2 2
5 10 3 3
1 8 1 2
4 7 3 3
4 7 3 3
8 8 2 2
5 5 2 2
1 2 1 3
3 3 2 2
1 1 2 2
5 9 1 2
10 10 2 2
2 5 1 1
4 7 1 3
10 10 1 3
8 8 3 3
8 9 2 3
5 10 1 3
5 7 1 2
2 5 2 2
7 9 3 3
1 8 1 2
6 10 2 3
3 7 3 3
4 6 2 3
3 10 3 3
4 5 1 1
1 2 3 3
2 7 1 2
7 7 2 2
2 8 1 2
5 9 3 3
9 10 2 2
5 8 2 2
9 9 2 2
2 8 2 2
5 6 2 3
2 10 2 2
6 7 1 2
8 8 3 3
10 10 1 2
10 10 2 2
3 9 3 3
5 6 2 3
10 10 3 3
2 7 3 3
9 10 2 3
8 9 1 2
7 7 3 3
10 10 2 2
8 8 3 3
1 7 2 2
8 10 3 3
3 10 3 3
4 9 3 3
2 4 3 3
1 2 1 1
7 8 1 1
10 10 2 3
3 10 2 2
2 2 2 2
9 9 1 1
6 8 2 2
2 4 2 3
8 9 3 3
7 8 2 3
7 7 3 3
4 7 2 2
3 5 2 3
2 6 1 2
1 2 2 3
5 7 1 2
6 8 3 3
7 8 3 3
3 9 1 3
10 10 1 1
2 6 3 3
9 9 3 3
10 10 1 2
10 10 2 2
8 10 1 2
4 8 1 2
4 7 3 3
1 10 2 3
8 9 1 3
9 10 1 3
5 7 1 3
1 1 3 3
6 8 2 2
4 4 1 3
1 3 1 3
3 7 2 3
9 10 2 3
6 8 1 3
10 10 3 3
1 9 3 3
2 7 2 3
8 9 2 2
4 5 3 3
2 6 3 3
1 3 3 3
9 9 3 3
5 10 1 1
3 5 1 3
3 9 3 3
6 9 2 3
3 9 3 3
7 10 3 3
3 8 1 1
1 3 3 3
8 10 2 2
3 6 2 3
4 6 3 3
9 9 2 3
1 1 3 3
7 10 3 3
9 10 3 3
5 6 2 3
8 10 2 2
5 5 3 3
1 8 3 3
4 7 2 3
2 4 1 3
6 10 2 2
10 10 1 1
5 7 1 1
8 8 1 1
2 9 3 3
7 9 1 1
6 8 3 3
6 8 1 3
10 10 1 1
2 9 2 3
9 10 3 3
4 8 2 3
1 5 1 3
7 7 2 2
5 7 1 3
9 9 2 2
3 3 1 1
6 9 2 3
6 9 2 2
7 9 1 1
2 3 1 1
5 5 1 3
2 5 2 3
1 8 2 2
8 8 2 2
10 10 3 3
5 8 1 2
2 3 3 3
7 8 2 3
10 10 2 2
7 8 3 3
9 9 3 3
5 9 1 2
3 6 2 2
9 10 3 3
4 6 1 3
6 9 1 2
10 10 1 3
1 10 3 3
8 10 2 3
8 9 2 2
3 7 1 3
8 9 3 3
1 9 2 2
10 10 1 3
10 10 1 2
5 10 1 2
8 9 3 3
2 4 2 2
7 7 1 3
9 9 3 3
5 6 3 3
8 9 2 2
6 8 2 2
9 10 2 2
8 10 3 3
3 5 1 2
8 8 1 1
2 4 3 3
2 9 3 3
10 10 3 3
4 4 2 2
9 10 3 3
5 10 1 1
3 7 3 3
7 10 3 3
8 9 2 2
5 10 2 3
8 10 2 2
7 8 1 1
5 8 3 3
10 10 3 3
6 9 3 3
6 10 2 3
7 8 2 3
9 10 1 3
6 8 2 3
7 7 1 1
4 10 1 3
3 8 3 3
1 3 3 3
8 9 2 3
10 10 2 2
6 8 3 3
9 10 2 2
10 10 1 3
1 3 1 1
8 9 1 2
6 7 1 1
8 9 1 3
8 10 3 3
5 7 2 3
3 4 3 3
3 10 2 3
9 9 3 3
7 8 3 3
5 10 2 3
1 8 3 3
5 5 1 3
5 5 2 3
2 7 2 3
9 10 2 3
2 7 2 2
3 6 3 3
5 10 1 1
3 8 3 3
9 10 2 3
7 7 3 3
6 6 2 3
6 9 2 2
2 10 2 3
3 8 3 3
3 7 3 3
8 9 3 3
6 7 3 3
2 6 3 3
9 10 1 3
5 6 2 2
8 8 2 2
9 9 2 3
1 6 1 1
5 10 3 3
1 3 1 2
3 3 3 3
7 9 2 2
8 10 1 3
4 6 3 3
7 10 1 3
5 6 1 2
3 3 1 2
2 8 3 3
3 7 1 2
3 7 3 3
7 8 2 3
9 10 1 1
9 9 1 1
3 7 2 3
9 10 2 3
2 7 2 3
7 8 1 3
5 8 3 3
1 9 2 3
6 7 2 3
2 10 3 3
5 9 1 3
10 10 3 3
8 10 3 3
9 10 2 2
8 8 2 3
9 9 3 3
4 6 2 2
2 2 3 3
9 10 1 1
8 9 3 3
9 10 1 2
10 10 3 3
10 10 3 3
7 7 2 3
1 7 2 3
10 10 1 1
7 10 1 1
4 5 1 1
3 5 3 3
6 6 2 2
10 10 1 1
4 7 3 3
3 7 2 2
5 5 2 3
7 9 2 3
4 4 2 2
6 10 2 2
3 5 1 3
9 9 2 2
9 10 3 3
4 7 2 3
5 9 1 1
10 10 3 3
2 6 3 3
3 6 1 1
9 10 3 3
4 4 3 3
2 2 2 2
4 7 1 1
10 10 1 1
7 7 2 3
8 10 1 3
8 10 3 3
6 9 2 3
9 9 3 3
9 9 3 3
5 8 1 2
9 9 3 3
5 9 1 1
3 8 1 1
2 4 1 3
6 10 2 2
10 10 1 1
4 4 1 1
5 8 3 3
8 10 1 2
8 9 1 1
10 10 1 2
5 10 2 3
6 7 2 2
8 10 2 2
2 3 3 3
3 6 2 3
6 9 2 2
7 10 1 1
8 10 3 3
6 8 3 3
2 10 2 2
9 10 1 1
6 10 2 2
6 9 1 2
8 8 1 3
2 7 1 2
10 10 1 1
10 10 1 2
1 7 3 3
2 9 1 1
2 7 3 3
3 7 1 2
9 9 2 3
4 7 1 1
1 10 2 3
4 7 3 3
1 6 2 3
4 8 1 1
4 7 1 2
6 9 2 3
8 9 1 1
10 10 3 3
1 9 2 2
4 5 2 2
6 7 1 3
8 10 2 3
6 6 2 2
1 3 3 3
3 9 2 3
8 8 3 3
9 9 2 3
6 7 2 3
3 6 2 2
2 3 3 3
4 8 1 1
7 8 3 3
3 9 2 3
6 6 1 1
1 4 1 3
9 9 1 3
1 9 3 3
2 10 2 2
1 4 2 3
9 10 2 2
2 8 1 2
7 9 2 2
9 9 1 2
4 10 2 3
4 4 1 2
4 8 3 3
2 5 1 2
1 7 3 3
8 10 2 3
8 8 1 1
4 6 3 3
5 7 2 2
1 6 3 3
5 7 3 3
9 9 1 1
1 6 3 3
6 6 2 2
1 6 1 3
7 8 3 3
6 10 2 2
1 2 1 1
10 10 2 3
10 10 2 3
1 1 2 3
6 10 2 3
2 2 3 3
2 10 2 2
5 5 3 3
4 10 1 2
4 8 3 3
3 3 3 3
8 9 2 2
2 6 1 2
9 10 2 2
8 8 3 3
10 10 3 3
7 7 1 2
1 5 2 2
6 6 2 2
5 7 3 3
2 9 2 3
1 10 3 3
10 10 3 3
10 10 2 2
8 9 1 3
3 5 1 1
7 8 3 3
1 2 1 3
3 6 2 3
10 10 3 3
5 7 1 2
9 9 2 3
4 9 3 3
5 7 2 2
3 9 1 2
9 10 1 3
8 8 3 3
7 7 3 3
4 10 3 3
5 5 1 1
5 9 2 2
1 10 1 3
1 8 1 3
3 8 3 3
2 3 2 2
5 8 3 3
10 10 3 3
8 8 2 2
3 9 3 3
10 10 1 1
9 9 3 3
6 7 1 3
8 8 3 3
10 10 2 3
2 9 2 3
5 6 3 3
2 6 1 2
6 10 3 3
8 8 1 3
5 6 3 3
6 9 3 3
4 5 3 3
6 6 1 3
8 10 2 2
5 5 3 3
5 9 2 2
9 9 1 1
8 8 3 3
4 10 3 3
8 10 2 3
5 8 3 3
8 10 2 2
6 8 2 3
4 8 3 3
1 10 1 3
8 10 2 2
4 5 2 2
9 10 1 1
7 9 2 3
5 7 3 3
8 9 2 3
6 7 1 1
3 9 3 3
4 10 3 3
3 8 3 3
9 9 2 3
7 10 1 2
10 10 3 3
9 10 1 2
6 8 2 3
3 8 1 3
8 9 1 1
10 10 2 2
5 6 2 3
4 5 3 3
8 8 1 2
3 8 3 3
4 9 1 3
9 9 2 2
3 5 2 3
9 9 2 2
9 10 1 3
3 7 3 3
6 10 3 3
10 10 2 3
3 6 2 3
6 7 2 2
6 8 3 3
10 10 3 3
7 9 2 2
1 7 2 3
1 1 3 3
7 9 2 2
6 8 3 3
2 10 2 2
1 9 1 1
1 4 2 3
3 8 2 2
4 9 2 3
8 8 3 3
8 10 3 3
5 5 3 3
9 10 3 3
2 7 2 2
7 8 2 3
2 5 3 3
3 8 3 3
5 8 1 2
2 5 2 2
4 4 2 3
4 5 1 2
5 6 1 2
5 5 3 3
10 10 3 3
1 7 2 2
5 5 3 3
8 10 2 2
8 9 1 1
6 10 3 3
10 10 1 3
4 9 1 1
2 6 1 3
5 7 1 1
4 7 3 3
6 8 2 3
8 9 1 2
3 10 1 1
10 10 2 2
4 5 2 2
3 6 3 3
4 4 1 2
5 9 1 2
4 8 1 2
10 10 1 1
7 9 2 3
2 10 3 3
3 9 1 3
9 9 2 2
5 6 1 1
2 9 1 3
3 8 3 3
3 7 1 3
8 10 3 3
3 5 2 2
9 9 2 3
1 5 2 2
2 10 1 1
4 5 1 3
7 7 2 3
7 10 1 1
5 5 2 3
10 10 3 3
7 8 3 3
10 10 3 3
3 3 1 3
5 10 2 2
4 6 3 3
1 5 3 3
3 3 2 2
8 9 2 2
9 9 3 3
9 9 3 3
3 7 1 2
9 10 2 2
2 5 1 3
4 4 2 2
2 4 1 3
10 10 1 1
8 10 2 3
5 6 2 3
9 10 3 3
9 9 3 3
4 7 1 3
3 4 1 3
4 7 1 1
2 3 1 3
9 10 3 3
8 8 1 2
6 8 2 2
4 8 3 3
7 7 2 2
7 10 1 3
3 6 1 2
9 9 2 2
10 10 3 3
6 8 2 2
8 8 3 3
4 8 2 3
8 9 2 2
7 8 1 2
2 8 1 2
1 3 3 3
3 4 1 1
6 10 2 2
9 9 1 3
4 4 3 3
4 5 3 3
1 4 2 3
2 2 3 3
10 10 1 3
8 9 2 3
2 8 2 3
6 6 1 2
10 10 1 3
7 8 3 3
6 8 1 3
1 7 3 3
5 7 2 3
6 8 2 3
6 6 1 1
1 8 2 2
2 6 3 3
2 3 1 2
4 8 3 3
8 10 3 3
7 10 2 2
6 7 3 3
5 10 2 2
4 10 1 2
2 9 1 1
10 10 2 3
6 7 1 2
1 4 2 2
1 7 1 2
8 8 1 1
10 10 3 3
1 7 3 3
4 7 2 3
4 9 3 3
1 8 2 2
10 10 1 2
1 10 2 2
2 4 1 1
1 3 2 3
5 9 3 3
6 8 2 3
2 10 1 2
7 10 3 3
5 7 1 2
1 8 3 3
2 10 3 3
6 8 3 3
2 3 3 3
4 9 2 2
8 10 1 3
1 9 2 2
1 7 2 2
4 4 1 2
6 10 1 3
2 7 1 3
6 9 2 3
2 10 2 2
8 10 3 3
2 7 3 3
3 5 3 3
7 9 2 2
7 10 1 2
1 3 3 3
5 8 3 3
9 10 3 3
8 10 1 2
5 7 2 2
4 5 2 3
6 10 2 3
7 9 3 3
5 8 2 3
8 8 3 3
3 5 3 3
2 10 2 3
10 10 3 3
8 8 3 3
6 6 2 3
4 5 2 2
7 8 1 1
4 6 2 3
4 10 1 2
7 10 3 3
4 9 2 2
9 9 1 3
10 10 2 3
10 10 3 3
2 6 1 1
8 9 3 3
6 9 1 3
7 9 2 3
1 3 2 2
1 5 2 2
4 10 3 3
3 8 2 3
9 9 2 2
5 5 1 3
10 10 2 2
10 10 1 2
10 10 1 3
5 5 1 3
4 10 2 2
1 4 3 3
2 3 2 2
5 5 1 3
3 5 3 3
1 1 1 2
4 9 3 3
8 9 3 3
4 5 3 3
7 8 3 3
7 8 3 3
8 9 2 3
6 7 3 3
1 6 2 3
3 5 2 3
9 10 3 3
3 9 3 3
1 3 1 2
10 10 1 3
6 8 3 3
9 10 2 3
7 10 1 2
8 8 3 3
3 10 1 3
8 8 3 3
6 9 2 2
1 4 3 3
3 4 3 3
4 5 2 2
2 5 1 1
8 9 2 2
9 10 1 1
8 9 3 3
10 10 3 3
8 10 2 2
10 10 2 2
3 4 3 3
4 9 2 3
3 3 3 3
2 2 1 2
4 4 2 3
4 9 2 2
9 9 3 3
5 7 2 3
8 10 3 3
1 10 2 3
10 10 3 3
8 8 1 2
4 6 1 1
7 8 3 3
3 5 3 3
6 9 3 3
3 6 2 2
3 8 1 3
10 10 2 2
5 9 2 3
5 7 2 3
4 9 1 1
2 8 3 3
10 10 2 2
7 10 3 3
3 8 2 2
2 2 2 3
5 5 2 2
4 6 2 3
2 3 1 2
2 4 2 3
3 7 2 2
7 9 2 3
4 10 3 3
10 10 3 3
2 10 2 2
5 10 3 3
4 9 3 3
7 10 3 3
10 10 2 3
1 4 2 2
5 9 2 3
5 5 1 1
1 1 1 1
8 9 1 1
10 10 1 1
6 9 1 3
3 3 1 1
4 8 3 3
10 10 2 2
7 10 1 1
7 8 2 2
5 8 2 2
9 10 1 1
3 9 3 3
1 6 3 3
3 6 3 3
6 6 3 3
10 10 3 3
6 9 2 2
4 5 2 3
1 1 3 3
7 9 2 3
8 10 1 3
4 5 1 1
1 10 3 3
4 4 2 2
7 10 1 3
1 6 2 2
3 7 2 3
8 10 1 3
1 9 1 3
10 10 2 2
9 10 1 1
7 7 1 2
3 10 1 1
5 10 2 2
1 10 1 2
3 6 1 3
4 6 3 3
7 10 3 3
3 9 1 3
8 9 3 3
10 10 2 3
10 10 1 3
7 7 3 3
5 9 3 3
4 10 1 2
5 10 2 3
4 9 2 2
5 9 3 3
2 9 3 3
4 5 2 2
7 10 1 3
3 5 1 1
7 10 2 3
8 10 1 2
10 10 2 2
8 9 3 3
1 8 2 3
1 7 1 3
7 10 1 1
2 2 3 3
10 10 3 3
2 6 1 3
1 6 3 3
3 7 2 3
8 8 3 3
1 9 1 3
8 8 2 3
2 9 3 3
5 8 3 3
10 10 1 1
10 10 3 3
5 5 3 3
7 8 3 3
3 10 2 3
2 9 3 3
3 3 2 3
1 1 3 3
3 3 1 2
7 7 2 3
2 6 1 3
3 7 3 3
5 6 1 3
4 10 2 2
5 10 2 3
4 8 2 3
10 10 3 3
2 7 3 3
3 10 1 3
8 8 3 3
6 6 3 3
6 8 2 2
2 7 2 2
8 8 3 3
10 10 2 2
3 3 2 3
1 3 3 3
8 8 3 3
2 8 2 2
2 8 2 2
7 8 3 3
5 6 1 1
8 9 3 3
9 10 1 1
10 10 2 2
1 6 2 2
10 10 1 1
4 5 1 3
5 6 1 2
5 5 1 3
6 9 1 1
7 9 2 3
1 7 3 3
7 9 1 1
10 10 3 3
8 10 2 2
2 2 1 2
1 5 1 3
7 7 3 3
5 7 2 3
7 8 2 2
7 10 3 3
8 10 2 2
9 9 2 3
10 10 2 2
5 8 2 3
5 8 1 2
10 10 3 3
4 9 2 3
5 6 1 3
4 4 2 2
3 9 3 3
4 5 2 2
1 4 3 3
10 10 3 3
8 8 1 2
8 8 2 2
9 10 1 2
7 7 1 1
4 10 3 3
10 10 1 1
4 4 3 3
10 10 3 3
10 10 3 3
5 8 3 3
3 3 2 2
1 7 1 3
4 6 3 3
9 9 3 3
5 6 2 2
9 9 3 3
10 10 1 1
2 6 2 2
2 6 2 3
2 10 2 3
2 7 1 2
8 10 3 3
8 8 1 3
7 7 3 3
1 6 3 3
8 9 1 2
1 8 2 3
3 4 2 2
9 9 3 3
10 10 1 1
1 3 2 3
5 10 1 2
8 9 2 3
4 9 1 1
9 10 1 2
4 8 3 3
6 8 2 2
2 8 1 1
7 8 2 2
3 9 3 3
5 5 1 3
2 9 2 3
7 8 2 3
9 9 1 1
10 10 2 3
6 6 3 3
7 10 1 1
5 7 2 3
9 10 2 3
10 10 1 3
6 7 3 3
6 6 2 2
8 8 2 3
2 3 2 2
1 1 1 3
5 10 2 3
8 9 3 3
5 8 2 3
7 10 2 2
4 4 2 2
10 10 3 3
1 1 2 3
3 7 3 3
10 10 2 2
9 10 2 2
5 6 2 2
9 9 2 3
3 10 2 2
4 9 3 3
5 10 1 2
6 9 2 3
5 6 2 3
