93 22 1659
487 450 143 508 705 313 712 591 924 353 653 395 544 495 187 301 256 763 201 172 875 16
245 92 737 546 766 821 45 211 969 809 241 859 379 744 356 192 452 587 295 59 581 956
171 417 457 573 149 824 1 161 727 400 51 856 21 645 554 697 419 348 276 231 919 130
928 587 568 793 197 660 681 783 340 183 954 507 921 540 127 194 763 150 627 254 392 136
469 807 77 759 765 187 76 812 376 703 855 758 602 928 838 897 329 55 736 271 692 644
612 314 177 209 603 500 32 658 699 344 18 535 8 192 810 409 751 112 819 498 564 124
803 801 806 686 407 613 251 85 684 246 921 884 727 217 854 103 771 950 273 159 520 222
980 892 979 251 773 180 803 288 362 775 993 43 550 959 809 86 418 556 939 605 882 650
265 573 254 78 71 373 392 381 172 465 587 479 229 462 619 720 464 321 281 349 116 987
261 663 205 925 458 309 634 484 705 227 200 884 392 724 819 982 652 39 192 621 644 559
132 524 933 514 13 192 140 604 137 196 842 498 342 597 154 559 821 951 570 480 976 511
398 717 91 793 569 749 747 618 686 238 210 117 935 88 470 962 866 248 184 243 133 895
598 8 983 243 384 474 654 825 441 313 887 563 919 194 427 316 125 15 728 883 515 833
84 630 660 537 59 8 945 740 388 251 782 195 498 412 252 263 423 767 455 644 151 296
308 589 378 596 168 312 266 136 463 145 988 163 446 281 813 964 314 614 992 405 188 261
953 863 850 858 169 700 757 601 600 430 513 309 788 598 946 508 534 175 919 620 565 962
223 898 779 115 286 635 443 376 891 553 188 34 814 969 789 945 81 520 456 159 555 761
838 843 683 910 9 228 525 387 455 220 653 544 486 210 100 198 567 338 308 105 756 136
943 571 831 50 517 725 696 805 993 832 371 969 933 196 165 337 290 849 680 971 660 209
905 822 641 346 999 858 991 314 304 543 410 240 770 327 128 523 242 522 946 544 993 589
11 721 479 368 418 654 558 258 661 330 270 671 78 56 901 370 684 884 199 429 220 748
553 652 813 452 406 242 359 955 417 394 665 78 683 275 392 909 858 550 65 669 143 203
764 757 940 913 621 1 417 655 919 901 379 506 421 779 578 879 530 316 67 515 6 909
272 612 306 642 219 412 3 434 732 410 381 118 507 110 83 775 662 911 547 632 739 270
116 244 176 776 872 468 924 125 682 962 259 299 453 524 805 428 323 648 458 913 334 70
198 399 194 920 754 97 854 340 700 769 990 60 829 408 944 503 624 296 307 401 177 628
152 830 219 361 829 777 772 278 398 89 527 513 977 692 255 966 749 480 440 63 929 161
828 329 711 660 808 107 139 368 336 532 832 657 664 581 768 594 226 597 614 718 910 216
654 70 350 9 17 407 38 495 725 695 813 375 74 485 720 1000 1 790 329 97 369 390
352 729 570 310 785 314 430 354 883 279 197 192 976 594 271 465 507 985 445 773 717 114
632 229 56 386 464 439 783 319 666 417 168 636 837 938 396 295 103 267 576 717 130 43
203 353 160 328 82 569 38 470 957 545 709 504 62 501 271 241 368 124 485 94 580 494
585 921 810 158 342 885 438 265 585 383 864 818 830 589 753 199 205 63 881 48 620 185
884 514 14 841 49 626 532 964 800 274 729 1000 643 847 200 321 211 113 596 938 433 315
632 604 55 782 512 539 455 585 196 566 164 881 60 402 594 642 791 219 193 394 826 341
696 454 225 149 151 886 657 830 158 92 76 583 103 477 753 333 206 150 550 760 892 955
730 676 324 453 103 418 944 641 60 899 523 300 852 435 504 878 521 263 437 717 44 925
876 240 564 330 420 469 100 353 502 838 722 305 122 818 2 453 963 335 485 50 248 255
49 12 231 528 254 458 453 706 244 817 756 612 290 111 576 952 839 310 222 492 794 385
688 238 799 763 49 753 516 454 632 316 214 14 976 157 533 840 46 419 921 69 311 770
96 448 45 890 855 125 671 91 682 274 40 463 912 802 299 794 660 185 391 431 320 646
296 947 202 465 853 192 812 207 336 818 334 56 30 906 104 227 711 632 285 653 275 262
451 753 775 901 516 94 761 575 308 221 131 172 69 713 680 727 359 813 134 329 154 584
758 658 426 629 541 789 88 833 566 430 49 495 407 228 4 442 321 76 736 434 529 681
964 219 134 730 159 116 54 141 373 867 922 786 819 838 51 16 838 318 425 56 950 819
160 58 862 762 53 187 674 888 619 627 35 57 504 799 681 836 278 402 585 421 374 114
959 2 415 912 472 610 201 31 335 893 442 476 383 988 665 913 845 879 833 451 301 175
892 558 217 267 857 863 526 189 71 98 971 317 943 819 294 274 841 810 910 977 767 285
401 823 157 89 27 416 384 113 458 79 588 51 94 628 996 420 689 539 259 530 445 679
181 684 401 244 889 432 736 392 667 174 534 363 636 699 696 508 987 573 925 770 705 373
131 644 592 910 191 513 923 485 714 589 255 161 362 382 745 775 317 732 848 138 673 969
387 459 919 684 830 521 149 926 56 563 346 395 17 155 881 322 477 522 368 303 473 973
141 291 169 70 926 331 608 149 721 388 187 635 503 779 803 360 157 339 287 739 915 401
156 256 711 93 706 134 28 238 174 513 274 371 35 669 192 983 493 73 578 126 877 122
388 956 968 438 354 596 252 487 379 966 696 134 343 866 957 449 367 623 824 702 302 131
337 52 935 899 212 837 388 70 173 769 295 988 284 529 580 16 646 495 105 768 657 330
21 842 583 180 376 408 369 100 440 747 441 90 243 932 794 853 22 360 738 951 619 786
579 563 409 835 886 449 989 698 180 42 681 880 638 824 890 409 826 253 506 874 596 562
812 38 1 682 821 510 499 401 575 174 777 610 700 640 238 160 419 955 566 424 314 245
813 114 355 717 141 310 103 701 682 913 524 992 992 955 581 782 213 278 596 923 367 108
402 52 199 961 480 383 557 128 583 600 634 719 851 350 280 873 36 266 218 271 279 354
230 543 798 807 284 495 975 25 131 347 601 664 124 338 412 62 876 97 687 261 902 191
358 156 583 102 999 11 618 705 86 686 643 975 151 457 833 296 764 222 115 203 825 222
112 823 320 153 13 612 474 688 386 170 285 968 358 80 493 595 694 741 386 18 41 105
249 968 12 80 915 786 853 111 597 60 128 127 130 982 259 583 805 234 765 831 229 2
735 408 11 951 413 123 642 561 768 34 611 309 575 473 680 545 842 306 232 789 389 531
799 389 993 93 171 142 820 586 6 519 758 71 456 597 897 828 168 677 622 278 912 809
692 657 254 164 265 299 893 225 990 522 770 310 218 195 554 793 877 32 915 718 740 540
825 196 686 327 214 90 9 186 472 25 18 947 671 670 962 610 893 578 787 682 685 625
350 952 543 202 500 153 262 901 857 128 133 364 234 96 301 357 361 610 990 866 12 609
952 233 659 747 242 885 525 825 335 245 249 733 698 764 432 770 128 864 1 599 587 731
671 383 797 580 791 823 538 965 499 943 494 195 435 443 453 697 217 384 878 454 508 759
164 255 789 240 391 560 873 22 20 249 803 216 759 372 6 689 802 300 494 602 723 344
453 130 594 8 777 48 288 501 991 892 534 74 500 409 998 998 336 880 560 753 369 669
10 76 470 81 563 66 266 172 985 448 926 680 587 445 898 655 69 438 615 682 968 743
2 808 481 398 14 422 561 770 548 374 472 227 814 551 446 799 654 995 692 28 349 375
762 702 180 321 211 212 389 662 550 655 181 107 731 590 137 277 778 580 708 283 753 270
497 247 903 747 639 242 720 390 963 148 656 219 514 836 396 7 699 890 910 68 565 813
18 675 642 300 795 523 418 680 977 526 716 85 454 491 157 243 51 903 488 59 70 126
707 297 459 835 845 743 81 355 764 221 262 920 521 690 703 558 698 447 867 406 569 165
175 820 166 59 671 524 90 31 365 419 368 996 96 374 826 961 619 498 166 614 552 920
422 336 22 78 524 573 80 880 465 441 442 848 969 308 715 580 607 825 16 398 32 560
820 61 376 943 963 839 878 714 916 991 494 432 883 964 586 917 786 187 788 641 914 391
776 239 862 796 24 277 415 352 543 336 169 434 253 288 54 74 917 379 345 834 486 328
452 897 290 224 507 809 801 434 775 587 521 60 980 571 194 779 921 494 683 29 167 719
770 590 193 500 655 559 60 430 98 636 607 916 15 385 194 679 815 852 226 769 935 511
24 509 814 5 164 144 53 594 27 674 588 484 162 515 509 491 35 198 580 592 866 230
615 948 565 653 598 955 218 584 857 688 177 194 646 902 593 164 201 368 115 679 745 936
582 363 883 151 763 398 576 657 561 275 176 886 684 220 31 751 448 372 807 123 251 222
993 910 282 642 3 458 153 78 946 790 533 128 364 954 284 780 229 375 269 27 23 605
796 474 27 369 592 777 798 102 329 477 422 454 978 829 294 386 680 766 99 561 413 989
161 706 448 493 523 482 485 556 970 208 411 324 686 472 801 632 407 249 661 660 737 669
405 320 744 965 758 35 101 479 57 710 797 801 440 236 888 258 549 843 828 9 633 965
66 78 21 21
9 77 8 9
19 80 9 15
93 93 10 18
82 83 18 19
6 54 15 20
4 78 4 19
15 74 7 16
6 10 17 22
71 71 9 17
3 75 8 10
3 42 21 21
61 80 6 13
16 31 11 11
10 20 13 20
27 30 8 13
82 89 4 8
54 93 22 22
5 31 16 20
76 87 20 22
47 85 2 21
25 37 4 5
85 88 3 15
49 91 15 19
58 63 6 12
4 51 18 22
73 93 18 21
16 80 6 16
15 58 16 22
4 24 8 12
61 81 17 18
69 75 12 15
48 55 8 20
30 88 13 15
52 82 1 4
84 84 9 13
91 91 10 12
70 88 6 8
66 67 15 22
3 75 17 22
17 89 4 21
72 76 20 20
5 46 3 15
18 37 12 14
30 75 14 19
32 86 21 22
68 81 19 19
74 79 15 21
51 77 19 19
75 92 20 21
92 92 16 17
19 29 10 21
93 93 18 22
88 92 12 14
1 27 10 19
89 90 10 17
3 68 9 11
86 93 13 20
13 37 21 21
92 92 6 6
12 70 11 18
48 85 9 22
7 75 19 20
43 76 11 14
88 93 10 22
5 38 15 22
46 52 12 15
56 91 15 19
11 76 13 14
77 78 11 20
49 92 14 19
7 19 9 21
13 93 1 4
11 59 17 22
72 89 22 22
45 92 7 9
93 93 19 21
60 81 1 7
14 58 2 5
31 40 15 15
88 88 20 22
76 79 13 21
16 28 22 22
9 57 7 9
87 89 18 20
16 30 16 22
23 87 13 21
77 90 8 12
27 32 19 20
70 78 15 17
26 39 7 11
74 80 8 13
91 92 15 18
65 80 14 22
25 79 15 21
65 74 5 15
13 62 9 22
64 83 1 16
31 65 15 17
88 89 13 16
18 60 16 21
58 70 16 22
58 80 22 22
39 74 17 22
18 77 16 16
16 76 9 14
65 72 20 21
33 38 6 10
79 91 19 21
54 58 15 16
74 92 20 21
70 75 2 10
65 79 16 22
29 88 8 20
53 92 14 15
77 89 4 7
93 93 6 13
85 89 18 19
65 91 14 18
3 4 2 9
67 67 16 16
78 90 3 16
90 90 19 20
10 92 13 13
27 36 13 20
34 78 3 12
24 61 15 22
64 64 5 21
44 72 18 22
45 82 5 14
88 89 22 22
92 92 10 21
88 90 4 17
92 93 21 22
25 61 8 12
90 92 2 12
1 47 22 22
43 54 14 15
7 37 2 6
62 70 16 20
7 37 15 20
37 66 12 14
48 91 18 19
88 92 9 11
15 42 4 5
33 48 3 16
15 63 4 7
38 89 1 12
23 36 17 19
15 24 22 22
6 77 20 21
73 81 9 15
60 74 18 21
14 54 16 16
21 66 7 22
38 66 13 15
18 53 4 19
47 78 12 20
87 93 14 21
23 76 6 7
47 73 6 8
52 66 16 16
65 66 6 21
88 90 6 11
88 89 22 22
26 51 21 21
83 87 20 20
43 43 20 21
73 74 2 4
56 65 12 21
89 91 20 22
67 73 21 21
2 93 9 14
10 46 6 16
51 73 5 16
82 90 22 22
37 90 20 20
37 66 7 20
91 91 13 15
49 78 8 10
3 85 4 11
81 85 16 17
70 92 16 16
53 73 2 2
31 58 20 21
23 25 3 19
33 50 22 22
8 61 16 17
42 72 19 21
36 67 18 20
14 34 17 17
69 89 10 11
4 72 13 20
88 91 3 19
48 87 1 19
23 70 2 14
58 62 2 12
30 86 3 11
5 46 10 22
40 46 10 12
11 12 15 21
34 90 13 16
16 19 1 20
26 93 11 20
8 73 3 10
41 91 12 17
50 59 6 9
53 90 18 20
15 58 3 14
24 25 21 21
6 50 9 19
53 91 21 21
8 73 14 16
1 21 13 21
71 81 12 22
21 78 20 20
1 31 16 16
29 47 16 19
90 93 3 15
45 78 20 20
35 65 14 16
44 69 11 19
56 76 13 14
8 73 21 22
8 71 17 18
47 53 4 10
76 76 20 20
44 54 16 17
23 87 1 4
43 88 12 14
47 56 6 22
21 83 5 7
10 60 16 18
58 66 9 15
29 61 9 13
46 71 21 21
73 93 20 21
84 89 19 22
50 54 2 5
11 88 16 17
90 91 17 17
11 27 13 13
47 88 12 20
56 61 20 21
44 76 11 16
49 61 11 17
73 83 21 21
81 90 12 15
83 88 21 22
16 52 18 21
84 88 11 19
80 89 14 14
85 85 1 12
50 80 9 14
87 87 20 22
72 80 10 17
81 87 19 21
92 92 13 22
55 84 11 22
40 90 22 22
84 90 7 18
49 61 22 22
11 48 10 12
93 93 11 12
31 75 16 21
34 86 1 12
70 75 22 22
93 93 2 15
65 69 22 22
68 74 17 19
1 88 12 20
59 61 6 21
1 39 10 10
51 74 10 10
38 58 10 14
36 37 20 22
53 93 11 22
37 89 10 15
16 90 13 21
88 93 19 19
12 61 22 22
24 33 10 16
30 31 16 22
38 52 3 21
52 84 3 3
51 57 21 22
63 78 22 22
80 90 14 16
77 86 4 12
1 36 3 22
30 90 6 11
5 66 10 12
51 73 3 9
80 81 21 22
87 90 11 13
68 77 19 20
75 92 11 21
67 79 21 22
63 80 5 5
76 93 16 16
50 59 12 15
85 88 15 19
74 75 8 13
32 56 16 20
20 77 8 13
44 75 5 10
83 83 1 3
31 78 17 18
13 76 15 18
54 62 13 19
83 89 4 10
18 92 13 16
81 85 8 8
58 63 13 17
60 83 3 10
27 73 5 5
41 48 10 15
70 91 19 19
24 30 7 11
87 88 15 17
58 82 5 12
8 45 16 19
2 21 17 21
49 57 14 16
91 92 11 15
27 74 15 20
14 78 14 20
17 51 11 18
1 40 8 13
87 89 17 19
93 93 13 22
41 73 20 22
4 34 16 20
17 86 21 22
16 53 6 15
47 82 4 20
21 48 10 11
19 25 5 11
12 45 15 20
53 87 20 20
23 62 5 22
1 84 8 13
57 58 13 16
62 72 12 20
20 78 10 21
88 92 19 19
53 60 15 17
51 90 8 10
21 43 4 4
59 89 9 10
2 55 19 20
16 36 17 22
10 22 12 12
52 79 8 15
25 89 12 22
16 16 21 22
74 74 5 9
12 54 21 21
10 45 14 14
88 93 22 22
86 87 22 22
34 87 10 11
41 69 18 21
72 86 17 21
11 91 21 22
2 5 21 21
74 87 13 15
39 79 9 9
37 40 5 14
38 74 6 22
29 92 4 9
85 86 22 22
29 53 17 20
60 74 7 21
56 87 17 21
69 84 11 17
20 90 9 9
49 64 18 19
7 68 3 6
20 52 13 17
22 41 21 21
85 85 5 20
18 70 19 19
27 86 13 20
37 74 20 21
64 84 22 22
11 29 21 21
47 78 14 15
44 45 18 20
20 37 8 20
28 68 18 21
39 42 13 16
88 92 9 16
47 48 8 18
46 84 21 22
16 84 13 16
64 90 9 10
61 80 21 21
68 89 15 16
45 79 22 22
74 86 22 22
14 22 17 19
61 80 20 20
78 80 2 14
10 81 3 15
40 92 7 12
76 80 17 20
8 41 5 8
85 86 11 12
28 86 19 21
39 90 22 22
20 54 14 18
30 82 22 22
53 61 10 10
87 88 20 22
54 60 20 22
72 79 7 20
52 82 15 15
18 85 11 11
22 60 18 18
31 88 17 21
81 90 5 13
35 93 4 7
75 75 21 22
92 92 4 7
90 92 2 20
41 92 3 16
38 44 16 20
77 79 11 21
7 73 2 18
43 80 16 20
12 77 7 22
20 71 12 12
77 82 17 20
39 58 15 16
49 68 15 22
68 71 10 12
30 54 6 6
82 88 16 22
64 72 11 18
29 81 16 18
74 84 2 15
13 17 10 10
40 85 17 19
90 92 1 17
78 81 14 17
26 42 21 22
82 87 17 18
72 86 17 18
16 58 15 15
58 75 12 21
24 85 11 22
47 91 2 15
84 85 8 16
13 62 7 16
11 24 4 15
37 88 5 22
44 72 14 20
29 51 19 19
67 77 16 17
62 62 13 14
91 91 14 18
78 89 14 22
80 92 9 11
13 89 12 15
24 43 18 19
80 87 16 16
76 77 12 19
58 92 3 4
22 37 8 11
2 68 19 21
79 92 4 21
33 68 4 5
18 73 12 13
5 64 10 21
62 62 2 22
21 73 7 22
17 80 18 22
18 69 7 20
55 71 13 17
12 63 12 22
35 65 2 17
7 36 12 21
59 88 15 15
92 93 18 19
58 81 12 19
52 85 8 12
17 57 22 22
92 92 19 19
82 84 5 9
89 89 18 20
69 91 6 21
40 53 1 17
80 81 13 19
15 79 8 14
21 67 3 3
76 91 2 9
55 92 1 21
27 76 17 20
26 63 21 22
54 74 19 20
13 71 22 22
15 74 12 16
14 78 1 16
92 92 15 20
26 48 21 22
23 88 13 16
62 64 1 22
70 84 15 19
30 78 8 10
48 82 13 14
64 93 19 19
72 84 3 22
83 89 7 18
69 80 17 18
60 77 1 8
57 92 14 17
80 91 1 3
69 75 3 10
59 80 14 19
5 84 17 17
15 93 9 21
90 92 17 22
53 89 2 6
42 79 9 19
87 93 22 22
9 58 12 21
79 85 1 18
15 90 2 2
34 61 2 13
5 62 2 18
11 74 11 13
66 83 15 17
89 93 15 17
81 85 5 7
49 81 19 21
9 73 2 5
43 67 22 22
9 44 5 7
11 75 22 22
73 76 10 10
22 69 4 14
93 93 19 19
64 72 11 14
84 86 22 22
31 46 13 16
33 68 14 22
67 87 7 12
4 72 2 10
84 86 19 21
88 88 21 22
85 88 16 17
32 62 3 5
39 42 4 22
68 70 20 21
67 89 2 17
12 67 3 11
14 71 19 20
68 73 17 17
38 67 11 13
77 86 2 10
46 92 6 12
46 60 7 22
23 88 4 12
46 76 19 19
57 68 3 18
33 46 10 13
18 36 11 11
50 61 3 10
71 86 2 12
22 39 11 19
58 75 15 22
15 20 11 22
10 22 14 22
31 87 9 11
61 86 13 19
81 93 21 22
14 61 9 9
14 32 8 15
45 65 22 22
74 81 9 12
53 91 17 17
55 84 17 22
26 60 10 12
7 40 12 12
81 86 15 15
38 73 12 18
13 34 8 8
91 92 16 20
21 91 3 22
52 74 8 10
59 86 13 18
17 85 6 14
25 75 9 22
93 93 15 15
26 73 7 8
68 78 21 21
4 40 8 9
45 83 18 21
64 65 17 19
14 16 10 18
81 89 10 13
57 92 4 21
69 75 14 16
28 88 6 16
40 83 10 17
5 79 21 21
24 34 11 13
28 43 20 22
65 73 5 20
84 89 7 12
70 75 13 21
21 44 17 19
16 85 3 13
24 93 4 10
73 91 11 21
87 92 21 21
80 93 11 22
89 91 6 15
22 87 2 14
55 70 16 20
58 78 14 14
43 90 14 15
30 89 4 18
29 45 11 14
30 34 19 20
1 88 17 21
44 48 15 21
53 68 17 17
16 32 10 17
72 80 2 13
79 91 11 17
67 81 12 16
3 54 4 19
40 72 19 20
88 92 22 22
21 24 16 17
82 83 19 22
59 62 11 11
63 73 17 18
92 92 19 21
17 57 14 14
88 91 14 22
50 81 6 7
48 56 20 20
45 65 2 6
61 92 7 22
28 36 3 8
7 72 15 16
78 83 10 16
8 70 17 21
77 87 12 21
60 63 17 21
51 89 3 10
69 79 14 18
32 58 20 21
93 93 6 17
64 74 14 14
89 89 16 21
75 84 7 18
46 68 11 15
86 89 17 21
39 52 3 16
77 80 12 17
1 42 21 22
15 84 4 6
15 71 17 21
61 63 10 19
49 75 7 21
41 71 11 14
42 61 11 20
64 82 7 18
91 91 1 9
66 70 4 13
8 11 14 15
93 93 7 18
67 82 13 17
77 93 9 20
62 66 21 22
49 62 1 14
10 72 14 14
38 92 16 20
27 68 2 13
16 44 4 10
85 86 10 22
89 92 11 20
8 60 7 18
55 74 2 10
72 79 17 20
72 74 5 20
28 45 3 9
85 91 18 22
33 47 12 22
21 70 17 21
22 50 18 18
8 92 14 14
68 81 22 22
72 79 3 13
54 66 19 19
22 48 10 10
38 63 2 11
27 66 11 11
72 82 14 20
56 72 5 5
48 51 19 19
20 62 14 15
65 71 11 12
49 80 17 22
64 68 5 15
92 92 13 19
31 56 11 22
87 93 9 14
11 17 20 20
26 40 17 21
79 82 10 16
90 91 12 16
26 37 11 15
50 68 7 18
56 84 11 17
6 19 19 21
79 80 18 18
31 83 17 22
53 79 1 13
14 17 1 19
27 74 14 17
91 93 4 7
66 87 5 11
37 82 16 21
54 84 21 22
1 6 13 14
67 91 20 21
88 88 20 22
61 73 14 21
82 88 8 11
73 78 1 5
28 62 19 20
5 29 18 22
50 81 16 22
62 71 8 10
60 87 13 17
14 61 1 10
23 35 18 21
76 93 18 21
78 82 21 22
60 82 3 4
24 37 10 19
76 88 7 10
31 69 8 11
64 71 13 20
69 83 5 12
74 87 17 22
72 74 3 3
18 84 21 21
48 56 20 20
26 65 21 22
49 90 4 5
78 85 16 22
11 26 21 22
91 91 10 16
78 84 13 14
20 40 1 18
61 76 18 22
84 88 7 11
3 54 12 22
61 89 22 22
86 91 1 10
52 86 3 22
21 88 21 21
26 56 15 21
36 42 6 12
40 49 9 11
10 82 12 13
62 83 1 22
38 81 20 20
45 64 12 16
31 79 20 20
66 69 9 13
30 85 19 20
3 9 8 9
78 90 9 13
17 66 9 22
71 81 19 22
53 85 15 21
77 92 11 19
41 63 7 14
78 91 20 20
93 93 20 22
68 76 20 21
78 89 3 12
51 90 3 8
77 77 16 22
74 83 3 10
23 52 9 13
7 31 1 20
67 76 5 21
59 76 12 16
33 46 18 18
32 50 1 8
7 25 15 20
34 87 5 6
7 71 6 22
30 85 4 6
85 89 16 16
78 92 9 9
58 63 1 4
70 78 11 20
74 86 18 20
34 69 22 22
73 88 2 17
50 51 10 11
9 48 9 9
45 58 14 21
85 93 18 19
51 77 16 21
21 32 11 17
35 85 7 22
92 93 15 16
17 60 11 16
28 87 9 12
16 69 7 22
45 49 8 13
16 47 22 22
65 66 9 13
92 93 3 12
25 68 21 22
27 67 5 11
5 61 12 15
79 85 19 22
31 65 6 6
31 71 4 22
22 70 19 20
27 90 21 22
53 81 14 15
75 88 9 18
57 74 9 13
87 93 15 17
24 86 13 14
5 42 19 19
39 89 8 13
59 71 10 18
76 83 2 18
8 32 21 22
38 88 15 18
65 88 4 21
9 90 13 19
73 75 5 18
46 67 10 16
58 91 17 21
86 92 13 13
75 79 2 22
76 79 8 8
85 90 15 22
29 82 8 19
83 89 1 18
64 77 21 21
37 51 12 16
78 87 16 19
87 92 2 21
6 65 19 21
65 77 22 22
69 88 2 11
31 85 16 20
76 85 3 4
11 87 9 12
6 30 20 22
14 82 21 21
49 62 12 17
63 81 19 21
62 85 2 5
56 79 19 19
13 88 11 16
65 72 1 14
21 76 14 19
29 33 10 12
13 48 9 13
32 43 6 20
6 88 12 21
84 89 19 19
46 90 12 16
80 93 17 21
4 67 4 22
31 78 14 22
16 87 6 11
66 77 18 21
17 69 5 11
58 65 21 22
51 71 18 22
34 61 3 3
44 48 11 19
25 70 8 22
16 45 11 20
13 39 2 5
28 63 11 17
3 10 11 11
48 58 7 11
48 87 8 21
11 85 12 16
51 58 20 21
16 73 4 12
52 81 8 11
69 84 15 19
15 83 4 5
85 90 6 22
83 92 21 21
82 82 8 9
59 81 7 13
21 26 6 10
68 76 3 16
21 43 14 17
7 71 19 19
67 78 15 22
38 69 20 20
82 92 5 21
73 75 14 21
5 60 21 21
93 93 21 22
31 31 8 12
25 62 13 22
64 68 14 20
48 59 18 21
61 65 22 22
14 27 8 13
8 18 11 13
7 46 21 22
33 54 6 11
32 54 14 22
87 89 14 17
68 70 13 16
44 60 20 21
5 8 10 12
59 70 7 15
21 80 6 14
25 60 7 21
2 23 3 22
79 85 4 5
37 63 21 22
11 36 8 22
58 61 7 15
37 83 21 21
56 69 8 15
8 78 16 16
23 39 13 14
12 46 13 22
62 93 13 18
64 81 4 17
48 67 3 16
15 20 17 17
86 91 12 16
29 70 11 18
66 84 21 21
14 43 4 7
72 81 11 13
77 91 21 22
8 69 9 21
75 89 15 15
31 84 22 22
77 85 15 19
44 79 18 19
53 70 13 13
52 59 8 16
11 81 18 20
58 75 19 21
46 60 20 20
48 66 18 18
78 84 16 20
88 93 18 19
18 91 8 22
14 66 6 17
70 71 4 15
89 90 10 22
15 64 11 12
10 50 11 16
21 60 17 17
9 80 6 11
2 2 18 21
7 39 1 8
37 48 5 8
27 80 17 22
21 41 15 15
26 51 12 16
1 93 13 21
79 84 8 14
60 91 5 10
38 85 22 22
38 73 20 20
19 19 11 19
56 81 11 20
62 68 5 14
21 24 15 22
76 77 2 19
77 82 1 3
32 92 22 22
22 26 22 22
4 6 8 16
81 90 21 21
44 83 20 22
84 87 10 18
19 68 19 19
33 53 12 19
89 92 16 17
5 58 16 16
42 48 1 5
73 83 4 22
80 80 7 13
31 81 18 22
3 84 2 18
13 82 18 21
14 58 2 10
64 92 2 7
19 54 17 18
93 93 20 20
52 61 5 22
62 62 22 22
54 57 5 19
50 67 16 18
88 89 6 16
74 91 8 12
22 27 12 20
93 93 4 14
72 89 7 9
62 89 13 13
5 42 22 22
1 83 5 18
2 58 4 6
22 26 10 13
93 93 7 8
38 51 9 12
28 46 9 16
68 81 16 20
51 89 16 20
85 93 3 6
36 45 12 21
72 92 5 11
4 91 17 21
32 53 10 17
84 89 14 17
18 35 19 20
22 33 2 18
57 67 20 20
43 51 10 13
89 93 6 17
71 88 19 22
24 32 7 16
88 89 6 18
81 83 6 6
74 93 4 5
80 83 15 17
27 66 2 17
29 50 14 16
51 61 5 15
79 79 16 21
27 64 14 20
77 86 7 13
11 59 10 18
31 35 16 22
5 44 20 22
67 75 9 22
5 57 4 19
26 49 2 6
37 91 2 12
42 90 16 19
24 64 11 14
53 77 1 7
79 85 10 10
9 60 10 22
70 77 14 17
62 64 21 21
66 84 10 13
61 87 21 22
57 88 9 12
92 92 3 16
60 79 13 13
28 52 19 20
77 77 10 15
78 92 3 12
29 29 17 18
49 75 5 7
34 88 22 22
24 86 4 7
55 79 10 15
27 78 3 21
12 29 2 10
22 62 16 16
73 75 2 16
1 64 8 11
15 45 20 20
85 93 10 12
45 51 6 16
51 83 2 13
57 79 10 15
17 36 22 22
31 85 12 14
2 78 5 10
8 78 21 21
20 50 18 22
50 54 17 18
67 93 12 14
73 80 19 19
35 73 13 20
17 27 20 22
64 84 5 14
79 88 22 22
18 92 11 14
36 88 13 15
50 54 13 22
58 82 8 20
52 86 2 11
19 37 3 15
83 91 22 22
17 51 17 17
5 44 12 21
31 46 5 11
1 21 1 10
56 93 10 10
50 73 13 20
71 85 4 17
8 43 15 20
56 78 4 19
71 86 16 22
83 88 15 22
70 86 1 7
91 93 16 19
34 85 20 21
83 92 6 9
25 55 21 21
27 86 14 14
79 92 12 21
43 70 6 10
71 93 1 8
39 43 3 21
81 92 12 18
64 90 6 11
31 58 17 22
31 69 18 18
54 89 19 22
40 45 10 14
20 24 21 21
72 78 3 11
29 92 9 11
78 81 4 18
55 85 2 5
12 81 15 16
23 90 21 21
31 51 7 21
65 89 10 11
16 82 9 9
39 78 11 17
60 60 4 20
47 85 18 22
9 88 13 18
74 85 3 6
41 85 21 21
58 87 19 22
30 57 13 17
54 86 14 18
2 81 16 18
76 76 8 17
58 68 15 21
62 88 2 17
44 65 5 12
77 80 21 21
6 42 8 22
29 77 3 18
90 93 19 19
68 90 18 18
22 49 17 19
83 89 18 22
55 86 18 22
52 56 22 22
23 56 18 18
92 93 19 22
15 55 2 3
50 68 3 22
7 13 3 22
41 58 20 22
63 86 13 16
54 92 10 17
66 79 22 22
77 82 5 22
75 88 19 22
33 76 19 21
51 53 18 19
78 79 14 18
80 86 19 22
57 70 8 11
63 84 17 20
11 55 1 8
79 85 1 15
15 87 14 21
30 73 21 22
92 92 14 15
17 22 8 11
92 92 12 12
26 28 17 20
61 93 20 22
25 59 6 6
10 14 13 21
43 91 14 18
25 51 21 21
69 80 4 15
51 93 11 12
36 87 21 22
47 86 11 11
70 74 10 10
3 78 4 12
83 91 16 17
87 89 20 20
74 83 1 16
77 78 21 22
63 90 21 21
90 90 7 18
53 90 15 22
25 75 9 17
12 60 2 6
58 80 12 14
37 44 16 19
42 88 12 15
89 89 22 22
73 75 20 22
65 70 11 17
59 75 18 19
14 91 2 18
28 55 6 17
5 25 2 12
73 80 15 18
66 78 22 22
58 74 16 19
20 86 3 19
73 82 6 8
61 86 5 9
27 42 14 16
74 79 16 17
81 85 19 22
86 88 18 19
77 77 22 22
84 89 5 10
65 87 12 12
43 60 5 16
61 79 12 19
37 56 11 22
55 92 18 19
18 41 20 22
31 41 3 13
14 38 16 19
45 60 13 19
21 28 21 21
73 90 12 16
83 91 21 22
3 39 9 11
89 93 3 7
86 88 20 22
7 59 22 22
37 40 16 20
33 47 5 18
23 59 9 19
30 44 2 12
19 82 12 16
13 90 18 22
69 69 13 20
84 89 3 6
16 70 3 12
22 77 6 11
83 90 1 20
70 73 8 13
86 92 4 13
89 91 1 7
87 90 11 20
55 74 16 22
46 72 16 22
60 87 13 14
18 56 12 20
49 63 21 22
90 91 18 21
88 90 5 21
65 73 15 16
69 77 16 20
77 88 2 2
45 50 12 17
78 84 15 21
69 81 6 12
46 59 8 14
29 68 2 20
40 89 18 19
62 93 11 15
44 52 21 22
62 86 10 15
57 58 6 18
6 80 16 21
68 88 16 20
45 83 11 19
27 53 17 21
78 80 6 18
71 90 13 19
31 50 7 7
41 83 5 10
61 88 19 20
76 89 3 20
89 90 22 22
79 84 13 21
44 48 16 16
67 67 13 19
29 90 1 8
74 83 16 19
48 64 6 6
3 27 15 21
28 35 5 15
10 57 14 17
40 44 1 18
69 89 2 6
75 76 8 18
23 38 5 16
84 93 13 15
18 49 18 18
53 83 18 18
64 66 8 12
32 69 17 22
64 71 18 18
30 33 7 7
32 73 11 22
13 47 18 18
26 37 5 20
71 91 13 14
30 56 15 22
91 92 11 22
15 23 20 22
78 81 2 11
65 77 4 15
58 88 13 18
35 78 5 16
69 90 12 13
56 72 6 22
82 93 6 6
3 54 7 14
30 44 21 21
32 73 21 22
3 36 10 19
78 92 22 22
20 73 19 19
84 90 10 10
26 38 13 21
21 60 8 14
32 58 6 7
30 39 22 22
82 90 3 7
63 63 7 22
11 24 8 15
58 89 3 3
15 59 11 13
71 91 13 14
6 74 3 7
50 65 11 19
23 79 13 21
23 68 10 11
12 18 18 22
65 88 1 20
65 68 1 12
4 13 11 14
38 81 2 10
78 91 13 13
74 81 19 21
14 18 9 17
50 57 4 18
25 48 3 8
79 92 19 20
38 44 8 13
49 84 18 21
38 43 6 8
2 33 8 13
35 75 5 11
26 82 2 15
63 85 8 11
24 91 22 22
81 87 4 16
43 70 16 17
31 47 22 22
69 91 9 12
68 88 15 15
22 42 19 19
66 68 19 22
35 87 4 5
19 67 2 15
11 79 1 6
41 63 4 6
81 84 21 21
48 70 7 15
79 79 10 16
3 32 17 18
77 83 4 20
18 71 18 19
39 76 16 20
39 43 2 3
40 64 14 18
38 92 10 15
87 89 19 22
87 87 3 18
8 46 7 19
17 27 8 19
74 84 10 13
17 68 17 20
72 77 22 22
58 59 17 18
63 74 12 18
31 49 6 18
26 51 11 22
83 93 9 21
77 88 11 21
38 75 15 22
11 73 3 13
33 83 18 22
5 21 9 10
86 87 2 19
37 62 6 12
37 43 4 19
21 42 14 22
43 74 2 8
29 80 4 19
38 77 22 22
30 38 20 20
66 84 1 12
58 67 7 14
42 45 6 19
1 11 12 17
40 75 3 8
73 90 13 18
11 66 17 22
81 87 3 5
69 70 17 18
91 91 19 20
2 62 9 21
90 93 16 17
48 54 14 21
79 80 7 14
48 80 1 1
25 64 16 19
2 48 18 21
18 20 20 20
6 26 7 22
27 41 20 21
56 79 16 16
20 76 5 5
70 84 18 21
57 73 7 11
72 82 10 19
80 80 1 12
51 93 6 6
56 73 10 15
14 90 7 11
64 83 2 4
66 92 4 10
6 70 21 21
87 90 5 14
72 75 22 22
74 87 9 16
7 66 18 18
21 76 1 10
20 27 5 18
91 91 8 17
63 65 6 7
77 87 1 11
57 66 4 7
87 88 16 18
84 88 18 19
85 86 4 8
15 85 5 14
90 92 5 13
45 46 21 21
17 87 6 8
73 76 18 20
71 76 19 21
1 27 15 17
82 87 7 16
71 87 22 22
32 39 21 22
72 78 19 22
29 85 11 11
50 66 16 20
68 93 16 20
91 93 10 17
21 83 14 14
84 91 22 22
64 79 20 21
65 92 16 19
60 82 18 21
37 59 20 22
24 39 17 20
20 54 19 21
57 63 21 21
12 51 18 22
36 74 20 20
6 33 19 20
36 62 7 16
70 73 6 18
25 93 20 21
41 83 1 11
52 54 19 21
84 90 15 21
77 85 10 17
38 74 9 10
51 75 18 19
70 84 6 14
88 92 11 11
33 38 20 20
8 70 19 19
8 69 20 20
73 86 13 17
30 58 9 15
11 17 18 19
39 91 6 19
76 91 15 17
53 56 12 20
52 55 7 12
66 81 17 17
7 41 16 17
93 93 15 21
54 80 16 18
5 58 19 21
92 93 20 20
78 93 21 22
70 76 20 21
92 92 6 7
45 90 18 21
9 65 6 8
58 78 12 22
79 89 9 16
67 82 18 20
41 82 20 21
23 44 2 10
54 67 14 20
89 93 18 20
68 85 1 17
9 92 4 7
71 92 1 14
18 49 2 3
88 92 5 20
91 93 5 13
4 6 16 18
86 86 7 10
81 84 9 21
25 62 18 21
63 71 17 19
52 67 20 21
10 16 4 17
14 77 6 7
59 90 17 22
5 28 10 10
79 90 10 10
24 36 22 22
68 79 18 21
19 75 10 21
4 22 7 16
23 30 16 17
30 72 10 13
10 83 3 9
20 66 6 20
72 74 1 13
2 25 10 16
29 39 14 21
68 87 3 19
42 42 11 22
1 8 3 13
12 12 7 19
72 85 13 22
13 27 20 20
37 48 11 11
59 76 5 17
62 71 15 22
22 69 11 19
5 26 9 15
77 83 20 20
87 91 8 14
38 61 1 12
60 81 20 22
48 65 4 6
73 92 12 21
16 48 2 21
3 23 17 21
27 56 10 18
23 73 4 10
89 93 18 18
81 91 19 22
21 71 22 22
66 81 22 22
7 24 3 13
66 90 16 22
75 80 10 22
22 79 8 14
11 50 15 16
9 44 10 17
39 67 16 19
15 75 14 22
28 41 18 19
31 87 1 6
12 44 17 17
45 61 14 15
18 67 5 12
16 36 15 18
1 21 20 20
57 86 16 20
38 83 4 7
12 28 4 19
75 82 4 12
83 85 19 22
64 82 22 22
81 84 10 20
12 78 19 22
31 91 11 11
89 93 19 21
5 47 4 15
84 93 9 9
29 92 5 20
71 77 15 16
30 69 3 3
43 72 5 19
43 87 4 11
59 87 14 18
73 73 10 20
79 90 5 9
33 82 11 13
87 89 18 19
54 63 21 22
71 91 19 21
51 75 11 12
53 85 17 18
91 93 9 21
63 87 1 3
37 43 14 19
11 41 3 10
50 73 4 18
61 77 16 18
16 31 6 6
91 91 4 5
75 75 14 15
32 35 5 13
91 93 12 16
75 89 1 14
7 33 22 22
60 78 5 6
88 91 14 20
92 92 7 18
64 67 18 21
45 61 9 11
29 81 6 6
47 50 8 10
36 36 22 22
39 71 20 20
61 77 18 18
67 86 16 21
24 41 14 19
22 27 10 19
11 44 5 19
52 71 4 15
60 65 20 20
37 46 1 6
69 85 22 22
63 78 7 14
65 66 5 6
45 45 17 18
67 78 17 17
2 74 8 13
