90 31 109
606 483 741 65 328 953 732 434 982 307 660 923 143 191 480 16 310 175 252 780 658 321 113 250 533 945 600 147 11 151 922
727 838 150 325 598 469 342 168 580 707 872 728 93 675 682 9 56 455 90 52 45 738 587 319 242 296 826 735 782 852 788
901 231 247 673 769 284 370 408 839 226 419 535 533 361 509 887 957 383 485 666 697 648 105 466 639 373 395 334 76 72 103
177 497 971 624 696 548 678 703 561 618 165 504 714 377 966 335 552 385 564 456 195 590 131 897 256 110 131 148 287 235 846
921 565 955 494 905 15 663 492 607 814 907 369 903 683 175 963 884 952 758 863 960 231 659 466 937 920 365 669 969 873 83
933 871 197 649 425 266 607 947 960 432 722 92 765 511 415 61 406 979 651 704 819 844 249 271 52 106 654 715 191 400 127
981 964 612 704 465 677 466 923 596 452 741 575 238 251 838 685 246 767 849 503 26 83 172 558 406 946 958 703 469 606 390
650 264 426 835 727 442 908 430 420 973 337 552 843 43 969 903 417 122 621 689 907 971 499 444 461 69 359 601 430 514 419
821 588 971 959 439 801 657 232 99 348 647 99 840 862 38 823 396 281 619 566 465 315 734 437 60 664 966 390 812 635 135
877 289 851 827 916 974 482 367 173 512 788 688 702 280 784 32 252 75 546 813 404 980 984 227 377 38 943 418 19 413 119
93 365 130 588 470 154 321 729 392 873 155 934 212 202 245 765 821 250 422 174 780 566 178 981 88 741 978 48 533 344 893
502 953 52 697 911 942 97 628 533 754 554 545 635 173 611 56 407 130 634 548 171 706 789 707 440 946 976 276 869 623 71
277 293 653 787 894 871 412 27 496 796 568 224 77 175 408 14 476 453 818 568 341 185 239 42 727 65 935 890 594 845 874
254 252 203 335 241 948 676 158 645 409 463 174 633 108 314 932 931 457 727 326 332 876 356 98 706 970 886 451 229 574 627
264 284 535 719 414 306 443 171 806 867 423 899 531 484 306 570 479 932 138 329 380 343 63 412 930 996 49 262 171 515 804
986 733 127 500 913 912 741 592 555 800 877 99 521 848 889 231 760 299 503 93 74 935 424 553 19 416 641 19 138 312 128
30 980 602 814 45 516 23 65 770 361 145 431 689 679 478 78 185 780 201 156 827 187 385 325 890 382 626 809 186 549 144
638 630 355 241 180 717 233 946 702 293 676 380 404 566 782 50 356 298 648 847 796 523 245 2 496 915 89 627 287 164 375
756 387 322 219 988 856 85 311 957 381 443 615 813 599 915 682 863 313 869 785 293 337 39 368 645 104 421 212 339 903 191
347 62 327 134 941 320 503 358 354 734 777 745 46 1 790 663 300 517 281 959 552 788 562 155 662 708 305 52 657 640 206
680 297 73 97 618 321 267 305 261 394 934 407 503 561 485 32 665 510 806 40 228 38 816 240 71 914 315 766 461 762 725
392 35 671 399 358 318 997 89 709 156 206 16 779 569 704 767 206 138 266 853 779 31 95 388 492 153 529 779 432 711 141
712 480 709 278 22 378 483 105 185 410 414 876 317 783 378 438 542 827 347 982 497 302 755 624 587 401 932 728 293 552 926
791 497 740 512 295 301 863 35 195 270 595 35 618 378 339 224 878 182 90 538 164 935 488 409 111 364 877 347 986 889 942
201 434 861 369 172 524 239 40 784 387 793 430 523 843 518 293 787 254 468 174 124 287 603 996 469 414 579 776 247 728 631
511 748 117 826 419 145 897 993 992 893 784 599 798 7 474 660 562 914 143 566 797 118 926 321 227 966 798 297 258 135 268
70 33 304 64 263 971 673 229 639 238 595 136 856 291 614 516 407 526 644 937 265 12 819 139 674 528 828 222 330 405 165
4 940 160 782 769 747 565 95 225 184 568 159 746 223 448 89 869 365 681 491 573 454 262 744 91 655 652 467 876 35 85
391 859 113 700 175 351 664 872 405 733 826 126 105 635 262 244 667 402 720 527 966 500 854 683 818 939 549 468 627 963 351
64 262 974 795 134 712 146 568 629 63 249 473 742 670 950 114 827 198 264 61 718 363 904 2 653 803 959 73 913 469 742
100 374 371 649 980 387 255 561 786 807 55 675 498 517 525 629 418 515 517 456 459 455 780 186 481 593 983 925 762 207 913
807 527 924 450 538 145 849 959 170 276 42 201 318 759 653 737 310 475 25 66 644 789 134 403 682 400 25 104 745 610 307
230 628 96 364 620 90 206 645 171 64 732 313 714 150 854 537 991 490 669 969 768 232 306 240 28 637 126 865 551 333 952
615 882 334 530 202 884 240 714 156 585 447 941 864 13 313 641 76 51 941 140 593 144 673 469 491 848 427 270 982 789 743
607 938 614 754 112 168 877 353 307 787 646 489 390 387 780 869 997 280 475 367 696 763 692 42 21 236 472 38 909 994 44
548 263 694 793 695 220 825 864 418 410 993 201 419 123 444 267 810 831 90 587 316 987 206 504 851 307 103 213 784 78 327
239 473 115 371 999 488 130 437 984 485 186 544 405 881 844 144 863 310 347 467 687 344 923 1000 141 114 856 885 605 282 493
508 177 268 754 235 869 764 52 80 747 363 734 49 872 524 280 74 896 231 555 723 517 421 341 312 751 669 201 697 193 680
538 723 977 844 302 289 183 500 431 10 786 561 541 723 79 858 779 470 697 877 39 101 981 597 926 388 448 743 958 363 551
123 494 618 758 651 804 479 208 296 485 272 848 478 181 413 22 348 173 648 907 1 962 615 108 911 380 793 927 769 146 66
570 484 20 348 576 307 862 151 287 918 3 572 45 847 266 862 114 765 882 679 40 57 335 124 267 552 839 897 340 454 771
244 977 332 885 881 603 478 522 764 684 82 386 382 350 428 647 235 344 784 271 315 289 706 528 672 635 269 543 619 416 95
642 729 120 159 951 549 566 11 416 844 667 488 944 312 342 950 864 887 676 832 257 170 585 573 29 70 910 35 757 411 835
150 452 152 993 852 403 850 433 309 146 192 857 108 437 721 207 302 842 381 704 189 161 139 913 249 464 725 282 957 936 504
850 52 99 581 518 419 230 500 341 963 924 343 813 723 870 579 982 978 847 766 556 331 823 83 863 545 853 727 642 436 146
391 158 278 267 421 67 959 957 735 787 634 456 275 878 707 539 586 54 766 686 88 46 537 950 750 445 2 125 180 53 579
735 567 21 664 245 556 246 887 626 860 61 179 86 365 264 66 322 534 905 694 150 169 79 729 727 956 149 641 882 787 463
860 248 523 640 976 4 747 921 412 29 56 927 35 177 599 396 721 224 921 110 220 723 621 302 578 672 7 250 969 409 681
674 32 598 980 778 725 527 278 497 252 188 426 563 844 754 28 504 44 171 813 586 674 527 121 9 848 744 380 373 237 940
508 553 286 485 381 628 235 378 848 445 615 87 302 741 338 386 478 462 650 54 965 86 954 524 930 293 995 698 648 297 939
169 762 503 663 65 630 940 961 527 720 83 419 652 792 265 466 331 504 879 424 24 177 948 464 967 662 453 18 690 656 20
572 12 367 174 719 869 81 390 54 433 116 601 769 986 585 653 774 918 606 440 815 33 916 91 307 95 305 641 557 137 950
65 640 619 507 433 429 970 776 202 183 359 861 342 674 846 2 73 35 185 678 495 368 631 174 263 731 93 496 771 237 821
451 40 906 641 714 577 353 405 936 22 596 954 280 327 30 377 297 526 129 771 721 906 511 9 584 537 818 281 34 670 276
247 384 451 900 738 200 800 48 843 700 37 444 78 340 40 835 95 209 285 175 49 800 128 592 293 788 60 427 573 657 480
324 246 454 755 672 342 435 909 723 501 114 352 343 872 53 447 667 113 766 573 907 515 254 561 163 85 46 47 388 173 57
316 567 837 271 677 798 675 988 290 158 318 369 607 195 88 113 283 407 629 332 502 306 430 149 130 520 263 103 32 940 526
156 162 75 328 32 762 635 5 602 121 859 370 293 850 254 665 798 574 214 654 913 256 480 699 991 134 484 20 303 362 430
516 624 32 400 677 440 192 825 162 534 842 474 540 88 664 442 550 110 419 744 991 708 529 794 16 680 333 441 159 955 943
251 922 646 367 423 94 888 841 51 300 132 869 449 438 319 532 920 774 176 18 630 473 909 201 249 250 724 290 627 639 941
242 33 112 950 693 456 901 881 584 38 911 673 559 944 569 155 463 902 780 890 947 199 438 754 284 113 81 688 959 665 365
588 530 90 998 70 522 590 638 716 861 816 86 443 427 989 751 859 864 723 997 808 691 453 465 829 97 798 889 911 532 349
237 777 379 110 231 872 505 289 417 405 481 216 28 70 610 902 788 522 661 158 665 298 420 284 352 618 706 995 891 459 524
682 440 312 413 96 656 322 837 245 530 855 687 631 816 109 586 942 382 61 673 988 908 929 17 957 351 308 606 50 530 332
115 160 988 527 300 560 11 506 908 474 308 296 461 17 415 874 138 228 310 448 231 817 64 121 356 826 645 838 656 594 111
928 743 312 522 159 3 967 875 903 210 663 222 952 87 151 943 519 568 894 834 208 51 142 254 42 831 311 84 201 266 425
689 743 943 482 349 454 273 423 871 903 486 770 244 972 957 134 178 375 167 504 381 153 360 666 213 747 138 122 163 998 828
635 210 337 439 868 737 537 402 622 113 577 135 875 451 609 634 145 326 531 927 710 450 375 261 869 363 580 294 730 257 236
403 994 893 535 483 806 464 25 214 35 911 701 869 273 884 639 160 449 32 664 507 167 789 480 362 825 137 816 926 94 97
383 654 575 871 890 448 308 604 891 315 354 716 24 608 830 650 46 617 651 639 128 454 691 814 85 642 268 555 557 791 634
507 670 32 638 80 387 667 847 577 574 592 184 323 789 642 574 284 945 933 196 708 281 661 671 272 548 580 910 50 878 561
451 384 638 210 756 392 406 524 393 440 352 954 986 322 503 29 549 351 757 945 133 773 75 89 729 165 965 519 8 543 225
844 805 925 947 765 200 9 925 799 700 432 949 337 268 795 958 251 911 304 639 708 110 360 881 730 635 919 405 295 183 766
54 470 837 115 422 119 564 96 982 249 842 767 402 944 30 269 501 116 280 591 161 54 636 245 577 823 463 797 402 105 484
840 733 14 542 455 356 717 647 668 378 462 998 681 175 746 452 917 556 910 333 12 229 401 585 969 881 321 8 578 692 630
710 100 685 575 994 945 63 464 583 734 643 935 490 722 522 229 841 3 394 804 657 322 265 813 945 602 932 605 439 467 203
410 974 169 782 808 818 311 680 412 221 676 234 424 68 294 106 389 820 588 150 504 847 92 633 311 833 753 123 452 219 268
293 459 519 282 993 197 915 493 218 690 754 895 1 531 444 456 855 980 774 478 101 156 854 813 316 429 738 832 188 249 260
802 243 146 793 864 279 587 436 372 861 692 599 693 892 545 83 958 85 13 536 424 177 499 583 251 840 30 37 568 529 460
336 576 993 310 755 354 736 962 2 753 525 510 527 411 912 532 236 545 857 500 338 570 741 267 743 58 456 356 743 765 803
340 747 703 131 635 454 281 996 472 184 596 652 618 45 822 328 680 225 490 597 453 997 159 603 846 944 622 563 349 512 320
754 903 224 70 134 272 836 585 865 710 220 498 265 811 23 762 131 884 983 397 957 130 358 477 292 171 48 181 385 199 896
481 296 139 95 756 858 712 819 200 225 246 994 424 271 382 573 22 741 590 837 239 929 534 990 58 577 887 766 173 898 164
853 366 846 474 694 702 274 905 608 871 178 398 255 687 11 564 183 483 968 887 544 656 210 156 125 130 240 746 504 847 8
621 496 718 906 491 26 632 459 635 260 235 437 267 95 184 62 209 95 506 216 845 580 495 820 978 851 318 91 264 469 114
977 381 100 924 898 897 670 217 837 141 505 143 977 9 670 872 290 726 933 569 944 108 672 608 958 714 555 594 242 623 11
660 100 248 360 274 247 732 948 499 667 989 811 238 931 369 173 502 149 264 585 154 375 731 589 892 123 312 616 477 630 823
223 299 629 825 890 477 711 842 334 557 778 194 702 776 729 455 60 601 236 148 332 884 450 278 173 588 479 698 346 481 782
89 791 579 956 578 982 420 967 590 113 425 567 592 326 706 499 770 523 703 92 561 228 915 39 156 630 819 462 774 182 818
837 520 92 638 32 142 612 183 442 827 293 265 231 463 272 991 713 488 211 830 250 481 732 566 399 209 62 388 651 665 132
32 90 26 29
29 83 2 22
27 33 13 27
71 79 8 23
17 89 3 9
20 81 17 25
20 59 28 29
74 77 28 29
71 77 5 10
45 77 12 23
25 33 9 25
81 85 6 14
24 64 22 24
29 34 21 31
39 74 28 30
60 83 19 27
11 64 15 25
67 70 22 29
31 61 8 15
60 73 16 27
62 82 13 17
1 55 28 30
33 79 3 30
1 2 16 24
32 40 17 30
11 54 16 17
43 75 2 18
39 71 2 9
66 89 17 29
6 84 11 18
35 57 27 27
30 62 12 29
41 80 19 20
28 81 22 29
59 63 4 16
25 65 13 28
7 70 21 27
83 89 31 31
87 87 31 31
42 90 7 27
46 77 30 31
89 89 18 30
35 89 29 30
59 71 17 27
54 61 29 29
59 74 14 16
75 88 22 28
89 89 18 20
19 44 18 19
38 42 30 30
41 61 14 21
31 78 31 31
44 88 7 24
15 76 20 24
28 87 24 26
59 67 8 13
51 68 9 16
28 70 23 29
83 90 3 20
53 90 31 31
48 71 30 30
66 83 30 30
4 14 1 27
27 57 1 16
73 82 26 30
81 84 9 25
39 71 26 31
49 71 31 31
66 90 2 7
60 78 15 15
72 89 2 31
73 76 28 28
58 73 22 24
30 50 23 25
62 64 11 26
81 84 11 28
9 50 27 30
33 79 16 20
58 60 6 10
40 59 13 22
59 77 19 26
28 42 27 30
20 82 28 30
78 79 13 17
65 77 24 26
44 54 14 17
29 72 20 23
33 54 7 13
3 43 20 23
75 87 22 29
36 87 25 27
25 87 20 22
12 81 19 22
42 55 25 26
83 90 1 3
41 55 31 31
47 81 16 22
39 82 1 4
66 67 27 31
6 31 5 9
75 85 27 31
21 23 16 16
65 89 3 26
32 52 18 25
55 73 4 11
41 83 18 31
28 49 15 20
79 90 18 27
15 66 18 24
