20 48 2240
897 325 526 547 453 705 193 771 865 995 263 274 560 666 877 214 193 624 305 735 623 35 799 465 131 345 748 504 56 475 376 436 940 110 393 119 927 792 313 666 441 266 669 64 73 154 978 368
229 563 71 230 333 692 427 833 251 826 164 941 219 377 697 892 712 799 402 823 608 248 283 332 511 864 294 71 283 389 930 471 671 667 674 930 425 241 144 293 454 844 108 408 354 134 58 834
144 376 702 564 139 140 557 739 678 282 819 882 874 605 794 168 600 651 502 562 735 992 504 478 38 257 590 756 117 883 758 345 660 225 820 72 462 254 38 275 827 511 432 873 592 399 802 655
376 163 27 191 633 95 911 784 771 618 725 299 871 894 569 562 553 512 875 238 105 642 688 750 314 746 840 862 347 588 786 988 634 795 627 182 936 700 852 991 710 499 383 85 411 56 798 604
618 824 31 705 715 412 395 635 414 333 547 12 563 315 848 648 546 352 677 416 68 385 396 138 270 68 81 431 938 608 582 762 28 57 204 709 844 773 90 564 8 968 369 988 773 407 298 346
323 357 878 759 470 816 925 640 535 913 128 698 281 115 439 932 470 555 26 172 989 333 105 78 530 148 209 354 471 979 818 83 970 820 842 773 265 675 126 666 835 117 23 320 373 707 78 299
519 496 48 40 875 636 794 627 155 874 73 232 208 294 900 460 290 246 925 686 166 819 233 755 553 584 99 82 971 556 441 271 270 529 200 877 993 961 390 811 245 597 343 203 943 866 516 239
142 902 306 605 636 710 513 693 201 613 419 647 634 607 11 665 221 664 496 701 383 365 128 880 39 421 300 459 641 818 45 152 942 325 327 986 302 73 4 633 732 726 921 339 944 561 360 141
397 409 999 79 675 976 600 482 598 552 889 209 119 487 454 958 421 90 69 342 617 824 508 467 110 738 813 165 980 108 954 886 734 157 20 468 370 537 377 659 993 999 743 329 148 284 722 756
628 817 191 218 767 233 830 447 128 88 221 97 42 406 203 551 708 823 583 802 380 201 869 93 753 523 453 271 801 796 514 542 185 439 10 401 835 345 265 60 471 410 82 601 625 811 763 431
215 734 130 337 812 573 440 605 551 838 88 210 49 147 115 22 793 711 831 386 211 650 336 148 38 361 290 415 640 863 88 905 698 764 480 738 5 7 771 902 154 61 967 449 614 600 597 666
986 973 537 95 255 2 788 281 508 694 92 572 891 514 230 115 534 724 35 423 815 146 480 571 607 413 677 76 64 415 257 25 137 167 417 840 204 783 823 377 158 584 733 688 799 610 894 905
655 999 241 153 155 721 978 330 682 169 345 864 163 958 284 281 710 92 249 540 340 330 593 577 926 204 353 481 372 625 737 4 435 435 294 872 774 590 589 524 569 855 159 423 470 54 691 68
769 924 637 186 393 597 935 365 737 550 131 557 431 636 923 460 815 476 99 797 301 33 912 869 814 704 138 608 186 594 490 521 730 975 588 559 208 79 364 942 60 515 680 430 82 564 919 327
686 554 477 763 526 299 437 454 519 351 151 167 256 395 120 593 366 706 352 192 655 976 309 845 736 214 694 810 444 647 553 594 519 727 623 808 937 399 407 985 775 786 190 649 712 301 122 609
63 991 498 590 788 616 607 822 35 561 843 122 616 175 312 376 242 562 816 18 507 144 933 282 365 554 890 554 280 544 67 80 325 629 252 694 258 124 235 953 983 94 917 292 908 471 896 346
371 279 375 616 730 449 359 28 696 203 297 738 218 346 732 762 528 104 78 594 973 337 306 22 921 49 226 770 306 124 17 418 394 133 867 305 908 869 877 763 1000 988 892 66 426 781 529 962
924 603 512 501 13 977 307 140 328 685 239 812 205 468 453 683 393 57 566 855 686 395 389 134 771 818 859 315 784 877 179 102 899 275 242 956 783 67 584 613 888 861 485 3 375 313 350 594
931 544 160 946 835 502 622 393 458 457 607 326 758 973 639 524 475 745 448 302 433 603 86 72 803 860 695 44 190 930 771 401 179 790 712 262 297 436 493 137 411 974 540 413 248 329 279 556
65 875 374 396 514 470 353 836 365 462 201 771 96 281 501 834 294 78 863 824 460 763 724 316 69 445 76 8 680 977 312 813 480 780 173 574 889 613 752 541 773 275 577 439 342 497 98 37
2 7 21 37
15 19 8 27
9 20 44 46
8 14 40 46
4 20 5 43
18 20 22 22
4 13 15 23
19 19 30 44
15 17 21 28
4 14 23 28
13 17 26 42
2 19 3 27
16 17 22 35
16 19 28 35
2 3 38 39
19 19 27 43
5 11 25 37
17 19 47 47
2 5 6 37
20 20 30 48
17 18 15 31
6 19 28 37
16 20 12 39
16 17 17 35
10 12 7 9
16 16 45 46
10 13 38 48
11 19 12 12
16 17 44 48
13 16 18 27
6 20 40 47
3 6 31 36
20 20 30 39
13 18 21 29
9 16 42 42
2 18 20 20
4 7 28 36
14 16 23 30
6 14 44 47
19 20 18 18
17 18 45 45
11 17 18 19
18 18 9 10
8 14 40 48
9 20 8 40
7 20 34 48
13 15 42 47
6 19 41 48
15 18 39 47
2 12 38 46
6 15 22 29
5 19 43 43
3 10 45 47
2 3 9 33
15 17 9 16
8 13 41 42
8 20 9 36
11 18 17 24
16 19 1 40
18 18 32 41
12 20 21 25
5 10 20 40
9 19 36 42
19 20 12 12
6 20 42 44
10 11 11 31
11 11 35 45
6 6 47 48
10 15 43 45
12 17 34 34
3 12 25 38
3 4 30 40
6 11 16 16
11 12 5 45
9 11 13 41
12 12 33 37
1 4 28 46
7 17 43 46
2 3 9 11
20 20 14 31
20 20 45 46
10 15 21 34
3 16 22 28
20 20 19 43
2 10 37 40
8 14 10 44
17 20 19 39
18 20 28 44
1 3 11 24
10 13 1 5
4 17 3 48
2 6 10 37
15 17 26 30
10 20 25 48
4 13 2 23
1 1 10 24
16 17 34 48
10 16 41 46
10 17 34 37
18 19 46 46
20 20 9 39
3 14 31 48
7 16 36 37
14 15 5 33
3 9 29 47
7 15 2 41
17 17 3 39
12 17 19 37
18 19 31 39
7 16 5 11
18 20 41 41
5 7 17 38
12 19 1 11
10 10 11 20
6 10 15 23
9 10 48 48
13 20 17 42
20 20 48 48
16 19 16 16
17 17 23 48
16 20 20 39
10 20 1 5
15 18 40 47
16 20 32 45
3 4 7 10
17 20 9 24
18 20 10 47
17 18 38 43
2 3 5 30
9 19 43 48
19 19 10 24
9 9 42 43
19 19 29 47
15 17 36 37
1 10 5 5
1 7 13 33
8 9 15 26
15 15 8 33
18 20 15 18
5 18 3 44
16 18 26 34
1 16 27 36
11 14 4 27
17 19 22 41
5 15 5 38
6 19 14 31
15 17 43 45
18 20 10 29
10 17 35 48
3 17 14 33
12 19 34 35
14 18 36 36
9 16 47 47
11 20 21 46
4 10 7 28
4 7 33 40
16 16 47 48
10 18 26 28
4 17 18 40
14 16 39 41
6 16 19 33
5 13 12 16
15 15 39 48
6 14 20 40
15 20 17 25
17 19 15 41
2 18 41 45
17 17 16 39
18 20 31 34
2 11 45 48
10 17 9 13
4 19 6 33
2 3 34 41
7 10 27 36
4 9 8 23
1 17 1 17
18 19 3 21
18 19 25 40
3 8 37 44
15 17 3 3
3 8 21 24
13 16 11 38
4 12 31 47
13 20 41 46
4 17 17 34
13 13 18 33
20 20 38 46
16 18 37 41
14 16 22 43
8 8 19 30
4 12 12 45
2 20 26 31
7 14 13 19
6 15 4 25
10 18 15 40
5 11 13 26
6 18 28 29
14 15 28 35
18 18 5 39
2 20 9 28
11 16 22 45
8 14 19 33
20 20 15 28
1 19 17 48
16 20 42 47
8 8 31 45
1 13 20 28
14 19 19 32
13 15 32 34
4 18 28 33
12 17 10 44
14 19 10 17
1 12 25 41
13 13 21 35
14 20 24 42
14 20 21 26
16 16 2 4
18 18 1 15
9 11 23 32
10 20 13 28
19 19 40 47
2 2 8 25
6 14 2 2
10 13 34 34
16 18 39 43
5 16 39 39
19 19 35 44
20 20 16 23
14 18 22 32
15 16 35 44
12 17 37 40
1 11 24 31
1 15 11 16
3 15 3 27
16 19 37 47
7 9 45 48
6 7 47 47
11 13 21 38
2 3 13 43
2 4 46 46
16 16 28 44
19 19 47 47
14 14 8 9
8 20 45 47
6 7 26 38
19 20 40 41
8 13 47 48
11 14 18 33
7 8 34 37
12 19 26 48
10 13 41 45
13 15 17 42
14 17 1 6
20 20 47 47
8 18 28 47
6 18 26 45
18 18 25 32
3 20 11 28
17 17 9 35
12 18 24 40
9 18 9 15
5 9 39 45
17 18 29 38
4 19 30 43
3 13 2 19
11 13 3 23
15 19 1 31
9 20 16 43
15 18 11 13
7 14 37 41
4 17 8 29
3 5 2 23
15 19 17 38
15 16 45 47
10 13 13 23
17 17 5 39
17 20 27 47
13 15 41 45
14 18 5 41
17 17 36 48
7 19 6 26
1 9 10 36
19 20 26 39
20 20 4 36
3 20 37 44
2 7 31 40
12 13 13 48
3 3 34 46
11 11 12 42
7 7 15 46
17 20 4 26
1 16 39 43
5 5 45 45
9 13 37 43
19 19 8 14
7 18 30 35
10 20 29 34
6 12 47 47
15 16 3 11
15 19 20 23
13 18 6 26
12 20 31 33
2 14 32 43
6 19 44 47
4 9 17 48
20 20 25 29
12 18 43 45
2 14 7 12
11 12 6 19
7 9 14 32
1 9 10 18
16 17 43 46
17 18 11 15
12 18 12 43
5 6 3 21
14 14 16 37
10 17 25 27
4 18 27 47
10 15 2 43
9 17 19 44
9 11 9 26
12 12 18 25
15 17 47 47
17 18 20 20
3 20 43 47
12 18 25 42
17 18 38 48
12 16 17 36
13 16 14 15
14 20 2 14
1 4 11 19
8 11 17 37
5 10 17 42
6 19 9 29
8 20 18 37
8 10 41 44
20 20 44 46
19 19 26 37
1 10 2 42
8 15 8 10
18 18 15 34
3 9 17 30
1 6 47 48
11 12 18 44
5 20 3 26
16 16 48 48
12 17 43 47
5 18 42 43
4 9 25 41
15 20 40 46
1 18 20 40
18 18 11 31
17 17 46 48
18 20 2 45
3 16 29 39
3 13 26 47
10 12 13 29
17 18 41 48
2 4 34 36
5 13 16 28
3 20 5 22
15 18 42 42
4 5 19 39
10 20 33 48
5 8 44 46
14 16 34 41
13 18 47 47
19 20 7 42
4 17 10 11
13 15 30 45
10 10 21 29
1 2 38 46
8 14 34 47
12 18 33 40
10 16 17 34
20 20 46 48
7 17 37 47
4 17 39 41
2 16 24 47
12 14 13 18
10 12 36 38
19 19 12 21
11 15 22 47
20 20 15 29
15 20 28 37
14 20 9 47
15 20 44 47
15 15 25 33
2 11 12 32
9 10 23 25
18 20 44 46
20 20 38 40
8 13 30 37
18 20 37 44
17 19 39 47
3 16 14 26
19 20 2 37
4 11 32 41
4 9 9 23
19 19 46 48
19 20 14 35
2 20 7 21
19 19 24 25
13 18 13 34
4 4 18 44
15 18 15 35
4 14 30 39
15 18 29 31
10 11 34 41
11 17 1 11
7 16 10 25
3 3 46 47
19 20 45 45
16 19 11 28
12 15 41 44
8 15 11 41
17 19 18 38
14 19 46 46
7 15 3 19
3 18 38 47
16 17 2 5
8 13 1 19
19 20 11 36
15 18 36 37
15 16 5 35
5 16 23 31
20 20 10 16
4 11 21 42
4 4 10 26
8 9 34 44
5 5 41 42
17 19 26 35
13 17 3 15
1 7 16 30
20 20 16 18
17 19 23 38
6 11 44 45
1 4 32 39
4 8 21 46
4 16 28 48
7 19 13 31
10 17 4 10
18 20 17 19
13 16 12 27
20 20 28 32
17 18 39 44
7 20 38 44
15 15 2 36
10 10 7 28
19 19 39 44
12 13 17 41
11 19 41 44
19 20 42 48
18 18 47 47
16 20 15 38
14 15 43 46
12 14 21 28
10 16 14 42
18 19 35 41
11 12 33 45
7 7 8 8
5 10 28 39
19 19 39 47
15 20 48 48
19 19 18 40
3 9 6 30
15 19 36 45
10 17 42 47
12 16 19 26
9 11 31 38
12 16 33 34
13 17 14 14
3 14 2 5
20 20 20 28
19 20 10 41
4 9 11 18
4 15 44 45
9 18 38 44
3 12 3 3
16 19 12 16
15 15 47 47
17 19 25 32
3 17 15 44
13 13 18 30
3 16 45 48
20 20 39 40
9 15 28 37
6 15 31 45
3 8 5 34
18 18 4 20
1 17 47 48
18 20 47 48
9 18 45 46
16 19 14 47
4 18 2 4
5 18 25 28
10 19 44 45
16 16 14 26
14 19 12 43
12 20 23 32
13 13 19 31
7 8 23 39
11 19 29 39
1 20 21 36
8 11 34 38
20 20 26 34
10 16 45 45
7 10 45 46
4 11 46 46
14 18 26 44
16 18 2 36
4 14 43 47
7 9 19 21
5 17 4 41
14 14 32 43
19 19 2 35
8 16 23 29
13 20 42 43
10 19 17 27
7 18 8 29
12 17 13 42
7 10 10 17
2 2 1 24
17 20 28 41
19 19 35 48
7 10 44 46
19 19 27 37
8 14 10 47
7 13 11 21
7 17 18 32
19 19 48 48
5 10 47 47
20 20 3 30
14 14 43 43
10 20 38 48
2 11 42 45
4 15 5 17
10 19 46 46
4 14 33 39
3 10 8 34
14 14 21 47
7 12 7 15
10 12 31 36
13 14 21 45
13 14 13 22
3 17 40 42
19 20 15 24
10 16 34 42
16 20 33 44
18 19 21 31
7 17 34 41
16 17 17 40
20 20 33 35
7 7 28 36
1 13 15 18
19 19 7 9
20 20 3 5
8 11 34 34
18 19 20 38
17 20 7 35
12 13 38 40
18 19 35 44
1 7 42 47
16 16 29 44
16 17 46 48
15 19 45 45
17 17 5 8
9 19 35 35
20 20 8 47
13 20 10 29
12 14 27 41
18 19 29 46
7 16 42 46
18 19 15 43
14 16 17 32
20 20 40 40
16 17 44 44
20 20 17 29
12 17 18 40
1 18 14 35
19 19 40 44
14 16 32 33
16 17 27 41
19 19 37 43
10 16 35 41
18 20 33 46
2 19 39 44
14 19 31 37
4 9 35 41
14 18 7 11
12 12 37 37
15 19 19 43
10 13 46 48
9 14 20 21
2 12 22 25
14 15 9 20
4 16 9 12
9 16 7 25
5 12 35 47
6 14 16 26
12 20 48 48
13 19 45 47
18 18 27 45
8 20 38 38
2 19 26 32
11 17 22 45
9 16 10 35
1 10 24 29
12 14 45 47
13 20 25 37
7 19 5 11
1 6 39 39
14 19 6 26
19 19 31 48
9 10 31 34
10 16 37 47
1 20 21 27
12 20 23 33
15 16 41 48
8 17 20 34
16 18 34 37
3 14 38 44
11 14 41 48
15 16 48 48
13 13 43 44
16 20 19 34
12 19 48 48
10 15 10 21
20 20 19 42
18 20 21 47
8 20 9 29
17 18 13 37
9 13 38 42
17 18 35 35
20 20 32 41
16 19 5 21
13 16 22 29
5 18 29 34
18 20 42 44
11 12 16 27
9 18 18 31
2 19 25 40
16 20 48 48
10 20 19 29
3 17 39 45
11 20 17 44
9 17 24 28
4 19 18 19
11 13 23 26
16 20 24 41
13 20 14 36
6 19 5 14
10 12 15 31
19 20 20 20
2 10 44 46
3 13 46 46
14 16 35 42
14 16 16 24
13 16 22 26
20 20 33 39
19 19 32 36
20 20 5 27
2 10 15 18
19 20 14 21
5 5 44 44
12 16 13 48
13 16 37 39
13 13 36 40
20 20 20 39
13 16 23 27
15 16 24 43
8 16 34 35
11 14 30 34
18 18 39 42
14 15 35 39
4 19 11 30
17 18 6 40
7 13 35 46
11 14 23 30
5 12 18 22
18 20 5 25
5 9 38 40
16 17 16 28
12 20 37 46
14 20 1 23
9 12 45 45
9 11 17 19
12 18 12 23
11 13 20 24
11 19 34 42
15 20 24 35
1 20 14 23
10 20 31 48
18 18 45 47
7 14 13 16
5 10 21 33
5 15 41 41
10 17 13 24
5 9 36 36
20 20 40 43
3 19 43 43
2 12 21 37
1 7 41 42
9 15 23 24
15 19 25 45
17 19 6 43
14 17 9 23
8 20 33 47
11 19 16 29
3 3 27 29
4 10 38 47
1 3 12 26
16 16 13 45
7 16 46 47
8 11 34 35
5 15 38 42
4 11 31 39
5 13 20 38
14 18 25 36
9 11 41 41
3 13 40 45
15 20 38 46
19 20 21 24
16 16 11 20
20 20 21 44
5 18 1 41
5 14 23 48
3 14 43 46
20 20 8 19
1 15 22 28
2 19 17 17
4 16 11 26
2 17 10 43
13 15 26 38
3 15 14 35
14 18 45 46
11 11 8 21
1 4 25 25
8 14 20 48
3 17 7 24
6 12 33 47
16 20 29 36
7 14 20 43
6 11 11 15
2 13 23 39
3 7 7 30
17 17 27 27
7 7 41 45
10 19 11 45
3 10 5 12
15 20 46 48
8 11 33 43
17 17 32 45
9 9 29 38
16 17 15 24
8 14 18 43
11 15 33 33
4 20 47 48
19 19 36 41
18 18 8 20
12 13 30 38
18 19 30 36
1 6 18 42
1 2 37 39
19 20 20 38
2 13 22 23
16 18 32 35
19 20 44 46
4 18 8 8
19 19 13 20
12 18 32 37
3 4 6 14
10 19 21 34
19 20 24 34
13 20 8 40
20 20 12 36
7 17 45 45
5 20 1 34
19 19 22 37
13 14 2 38
13 16 2 12
4 9 19 25
10 12 9 31
18 18 31 40
1 2 28 40
14 18 48 48
7 10 41 44
6 19 8 20
1 2 26 28
8 9 35 48
17 20 9 21
10 16 44 48
12 12 4 18
18 18 26 39
17 20 22 46
14 17 2 44
17 20 13 45
19 19 27 29
5 17 22 36
5 17 31 46
10 10 19 29
9 14 48 48
17 17 19 39
13 13 12 48
18 20 40 42
7 18 37 39
8 19 33 33
7 15 47 47
4 14 21 44
16 19 37 47
10 20 21 37
19 19 38 39
2 19 31 48
13 20 41 46
13 18 41 46
14 16 30 35
6 11 2 22
8 11 29 43
3 4 22 43
18 19 29 48
4 4 30 45
18 18 33 36
7 7 10 30
14 15 1 45
18 20 25 39
18 19 5 12
19 19 11 34
15 19 24 44
1 10 17 35
9 16 41 47
18 19 33 44
12 18 42 45
2 19 10 13
13 15 29 39
17 19 11 20
15 16 11 43
9 11 9 11
15 17 44 44
9 10 21 35
19 20 39 46
4 19 19 47
12 19 8 43
17 20 45 45
19 20 41 42
20 20 40 46
18 19 9 41
14 19 29 45
5 14 22 47
10 12 20 36
4 11 39 48
4 7 13 46
20 20 18 48
13 17 5 24
5 10 31 32
1 7 26 30
20 20 31 48
17 18 4 42
16 17 8 41
10 15 12 47
4 17 24 32
16 17 46 46
11 20 1 1
13 16 46 46
20 20 39 46
5 7 13 16
2 4 12 33
5 13 48 48
19 20 42 44
11 19 35 44
14 15 13 32
7 17 32 44
11 12 41 43
15 20 43 46
20 20 21 33
6 15 43 44
3 9 18 37
2 2 31 36
12 17 15 36
3 15 11 24
9 9 48 48
10 19 47 48
13 19 39 45
1 8 3 48
7 12 32 40
14 15 29 38
9 18 38 44
13 15 11 32
17 17 5 43
5 16 48 48
13 19 32 40
9 17 2 37
10 16 9 15
9 11 7 47
17 20 19 42
16 17 21 39
11 12 8 13
17 20 31 40
12 20 20 36
14 14 36 36
12 12 5 22
15 18 37 44
18 20 8 20
5 6 22 47
5 10 45 46
5 16 31 34
20 20 21 25
12 13 32 46
3 6 38 41
12 13 21 34
14 15 12 25
7 9 26 42
15 19 48 48
11 15 40 47
4 5 28 29
14 17 17 37
19 20 17 32
9 15 14 39
19 20 36 41
18 19 32 33
4 10 48 48
8 16 32 46
12 13 27 41
10 13 1 28
8 15 28 28
8 11 34 41
14 16 47 47
19 20 40 44
5 16 4 31
12 17 38 45
8 10 39 48
18 18 31 47
12 17 43 45
20 20 28 33
18 20 36 41
16 20 35 48
9 16 30 47
2 15 45 47
3 9 24 35
13 16 1 27
4 15 44 44
5 8 36 37
6 16 9 46
8 15 20 24
1 6 13 40
20 20 1 40
20 20 43 44
14 18 14 17
19 20 41 41
20 20 40 43
14 20 27 30
16 19 24 29
1 14 5 27
19 20 30 41
17 18 39 48
2 20 30 44
2 14 26 48
2 19 12 19
6 14 21 42
2 12 22 25
4 17 9 13
16 16 26 29
19 19 23 48
8 13 7 15
12 20 19 24
13 13 21 46
4 15 8 12
9 20 9 17
16 20 10 22
11 13 35 40
11 15 25 40
14 14 11 32
13 16 44 46
10 10 19 22
14 20 26 40
8 17 39 47
18 18 26 47
7 15 20 46
4 19 15 40
2 4 38 38
13 18 9 44
20 20 19 21
2 19 31 48
8 13 37 45
1 9 22 43
19 20 22 35
15 17 24 39
7 19 7 26
5 13 37 38
20 20 4 44
6 7 4 44
13 18 9 38
13 13 29 37
8 14 4 30
3 6 36 38
19 20 40 41
16 18 38 48
3 12 32 42
6 12 20 44
4 19 19 46
3 10 33 38
15 16 30 32
19 20 44 48
1 17 45 45
13 16 16 36
4 17 22 38
9 11 38 40
6 6 36 48
7 16 26 37
6 18 38 46
13 13 7 37
7 13 19 40
9 16 1 48
3 7 30 40
20 20 40 47
17 18 38 41
11 11 14 15
1 14 48 48
14 17 31 48
4 14 41 45
17 18 41 47
16 20 12 13
7 9 44 45
6 8 21 38
13 15 43 48
2 13 48 48
4 15 11 15
3 19 24 30
1 18 18 29
8 16 25 29
16 16 21 29
13 15 32 45
16 20 38 46
17 17 39 41
14 14 30 33
10 14 13 19
7 12 48 48
18 20 13 38
5 7 31 32
18 19 16 29
18 19 45 45
16 18 38 47
2 3 26 44
11 14 19 45
20 20 25 26
15 15 36 48
16 18 21 33
10 12 9 16
17 20 4 42
2 7 5 28
3 11 17 17
8 10 48 48
6 8 9 32
1 11 31 43
12 13 27 29
4 11 10 33
9 18 6 14
6 12 13 33
13 16 39 44
12 19 5 42
19 19 28 39
12 14 16 28
20 20 4 25
1 1 11 24
4 14 47 47
19 20 7 29
13 14 8 27
19 19 39 43
14 16 5 32
11 13 20 38
2 19 46 48
18 20 35 35
14 16 21 27
17 17 47 47
4 19 19 37
3 14 35 45
20 20 28 43
2 7 19 46
5 10 4 17
15 18 44 45
19 19 25 36
13 19 40 43
14 14 37 46
5 5 36 40
8 10 2 7
9 19 39 44
1 5 16 16
16 17 3 44
5 19 40 41
1 7 12 35
8 14 32 35
20 20 42 44
14 18 42 48
5 13 20 43
8 15 3 28
5 13 1 30
2 5 20 48
20 20 5 8
8 8 27 38
10 16 27 27
11 17 12 19
16 18 35 44
4 19 36 38
16 17 7 35
5 16 32 47
17 18 35 47
7 12 20 46
3 12 3 12
8 20 28 42
3 5 37 39
12 16 42 45
4 18 13 45
11 16 24 40
9 17 16 43
1 13 4 5
20 20 8 33
9 16 24 30
16 20 5 34
6 12 10 10
20 20 7 9
7 8 1 36
1 3 31 44
14 19 12 19
19 19 7 10
3 7 43 46
2 5 3 40
7 18 4 47
14 16 42 44
10 19 2 28
1 12 37 43
20 20 19 46
12 14 46 47
16 17 15 39
16 16 15 21
18 18 8 28
1 11 42 48
16 18 10 46
3 12 17 25
17 19 3 29
2 6 34 41
4 4 27 34
15 18 27 27
13 20 15 17
9 9 40 44
6 20 9 37
16 19 44 44
19 20 23 37
11 20 15 34
20 20 25 26
17 18 30 48
16 19 38 48
1 15 7 11
19 19 7 38
15 20 28 43
2 16 16 27
1 6 23 39
16 19 15 40
6 10 29 41
4 6 33 38
12 17 20 42
16 17 21 22
17 20 44 44
2 20 35 37
18 20 43 47
2 14 27 41
6 13 25 41
17 17 26 29
18 20 13 26
20 20 33 38
9 17 48 48
15 17 29 41
20 20 34 40
13 15 8 19
12 18 47 48
11 11 13 34
6 9 25 40
9 20 45 46
9 13 47 48
5 15 11 37
10 11 8 47
1 14 45 47
10 18 10 42
11 13 19 43
10 10 17 29
8 17 8 35
4 10 26 38
9 11 44 44
20 20 30 38
17 20 44 45
5 17 17 26
4 7 19 39
12 15 4 5
10 18 47 48
6 8 41 44
20 20 11 35
6 9 34 40
20 20 29 33
11 14 46 48
18 18 19 46
12 12 38 43
19 20 31 38
10 10 37 37
2 2 6 10
7 13 38 43
2 8 28 44
1 14 34 43
18 20 5 27
14 16 25 25
2 14 16 28
11 18 5 24
18 18 28 30
7 9 33 36
3 11 18 39
13 15 24 28
10 17 46 47
6 17 29 42
20 20 24 45
6 12 18 31
2 13 17 30
8 20 27 47
1 5 31 38
14 18 32 44
14 19 28 28
2 11 6 38
11 18 34 48
1 16 29 35
12 14 3 28
20 20 9 14
2 13 18 26
7 18 23 44
20 20 18 18
2 17 43 46
10 20 30 45
8 17 26 26
12 15 21 28
2 13 19 30
2 2 31 35
8 15 46 47
19 19 24 48
13 19 20 33
4 10 8 24
12 19 46 47
20 20 42 47
4 15 34 44
1 18 17 32
8 9 40 45
1 18 5 26
18 18 13 18
4 5 2 22
9 14 16 41
12 20 12 13
17 19 18 38
18 18 22 43
14 19 40 45
17 17 26 45
20 20 31 35
1 10 23 35
18 20 38 42
7 9 46 48
8 16 25 30
16 17 9 21
3 4 9 40
10 10 13 19
8 9 8 44
16 17 7 22
5 14 7 12
20 20 8 25
16 19 29 41
5 13 37 47
15 18 21 46
5 8 31 46
8 12 3 48
8 12 24 25
15 19 16 29
11 17 22 27
19 20 4 25
1 1 10 45
13 20 16 19
10 15 3 5
20 20 17 29
6 11 9 23
17 17 3 10
18 20 23 27
19 20 22 25
10 20 22 34
11 15 10 34
19 19 25 42
20 20 24 34
9 14 36 39
7 15 32 42
5 7 6 40
2 11 19 37
8 10 33 42
17 19 23 33
17 17 5 32
4 12 12 33
14 18 32 38
10 15 13 25
13 14 36 36
8 11 10 11
9 13 47 48
19 20 17 42
17 17 2 37
2 4 30 44
3 17 28 35
7 18 10 38
18 19 34 34
5 10 26 32
14 17 7 42
13 15 41 45
17 17 40 47
12 19 18 29
15 16 36 40
6 12 26 36
4 6 12 37
8 10 14 46
13 19 40 48
18 19 7 7
2 12 30 40
4 9 21 45
9 18 38 44
20 20 5 20
1 16 18 47
20 20 44 45
2 4 42 42
1 11 46 47
14 20 47 47
4 9 38 45
10 15 32 36
14 20 24 36
20 20 17 37
9 17 35 36
13 17 43 43
13 14 21 28
5 11 32 32
5 10 29 29
12 20 43 43
7 13 30 42
6 18 4 22
10 12 37 46
2 16 10 25
10 15 3 10
13 16 46 48
6 15 22 32
19 19 3 45
6 8 8 35
5 15 48 48
14 17 29 41
16 19 42 42
15 19 47 47
9 16 44 46
11 12 46 48
2 4 28 41
7 17 29 38
17 18 1 1
6 14 29 44
20 20 4 8
15 18 25 28
1 4 10 38
18 18 29 31
20 20 26 46
12 18 13 17
2 12 47 48
18 20 17 43
18 19 35 46
8 10 44 48
10 12 43 48
6 19 39 41
17 20 6 12
1 7 39 40
4 10 1 41
17 17 22 31
15 18 14 44
8 16 15 43
8 16 34 43
16 18 12 20
10 14 44 46
4 4 34 34
18 19 23 35
11 11 15 40
20 20 48 48
8 16 4 38
2 5 16 37
9 10 21 28
11 15 38 46
15 17 16 27
11 18 44 46
7 8 22 36
4 4 1 6
13 14 14 23
18 18 12 21
14 19 24 42
12 20 35 40
2 6 44 46
1 19 19 38
4 6 46 47
12 15 14 46
10 18 24 36
20 20 25 48
19 20 19 19
12 19 10 28
4 5 3 8
20 20 1 8
3 16 7 10
8 14 7 36
14 17 35 35
4 10 48 48
8 17 1 4
16 18 28 29
15 17 15 16
9 15 37 43
11 14 24 48
20 20 31 42
8 8 37 37
3 4 36 47
20 20 48 48
8 10 40 43
13 20 2 34
11 12 22 48
16 20 44 46
12 14 35 48
17 20 32 33
14 19 36 47
18 20 19 25
3 7 28 32
6 17 32 37
12 18 8 38
8 10 5 26
3 14 47 47
1 9 21 28
15 16 35 35
20 20 37 37
9 19 15 24
20 20 42 45
7 17 30 40
2 17 18 46
8 16 18 34
14 19 12 40
16 19 20 27
13 13 27 35
8 17 37 46
12 19 24 32
12 19 7 37
5 11 22 46
3 12 21 45
13 13 21 40
11 14 45 48
18 18 32 33
10 15 42 48
5 19 8 40
17 17 27 39
10 17 40 48
20 20 30 35
4 17 13 39
19 20 22 26
13 17 11 18
2 6 23 48
11 17 27 37
10 11 30 34
19 19 3 47
2 11 40 45
19 20 23 41
1 15 5 20
5 17 34 36
15 16 38 42
2 17 40 40
19 19 19 38
1 4 30 39
6 16 19 24
17 20 23 41
17 20 10 35
10 11 12 19
18 18 35 37
1 11 8 37
6 8 12 43
5 5 33 36
10 11 3 43
7 17 22 27
8 11 28 44
9 16 11 28
19 20 35 46
15 20 33 38
1 1 34 40
13 18 26 28
3 20 19 28
19 20 1 26
9 11 16 26
18 19 3 11
9 9 34 45
6 19 30 34
5 15 43 44
16 18 38 38
5 15 22 43
20 20 41 46
17 19 33 48
16 20 15 31
11 20 12 20
11 20 31 42
10 19 46 46
2 2 13 24
6 7 24 39
12 18 40 40
9 12 12 15
6 15 2 38
17 20 6 47
20 20 29 35
17 17 46 47
4 15 42 45
16 18 13 35
20 20 8 46
12 13 13 43
13 16 13 21
1 4 2 29
8 19 14 30
7 10 42 45
11 19 38 47
14 15 9 9
20 20 3 43
3 15 23 23
11 20 47 48
12 17 28 47
5 14 32 41
4 19 43 48
9 20 45 46
9 10 2 18
13 15 15 24
7 15 44 47
15 17 47 47
16 16 24 40
17 17 9 48
18 18 45 48
4 9 34 42
15 18 41 41
9 12 22 36
14 18 5 21
15 17 20 45
17 19 5 23
1 13 24 34
19 19 23 47
14 17 42 46
7 16 47 48
9 14 47 47
2 15 25 38
1 11 13 32
10 19 4 42
5 15 14 41
10 18 30 45
18 20 37 38
4 15 19 19
15 19 38 40
6 15 8 23
9 13 7 36
11 14 19 19
5 16 21 29
11 14 16 40
17 18 41 48
15 17 19 46
7 14 5 11
9 13 28 47
6 13 19 27
3 17 30 33
18 20 20 44
1 18 48 48
19 19 10 19
12 20 20 41
1 5 14 36
5 5 1 11
17 18 23 39
12 15 16 39
13 13 41 44
11 12 12 43
6 13 36 37
3 15 7 44
17 20 12 45
16 18 35 46
17 17 21 23
6 20 42 43
6 13 27 35
18 19 48 48
10 19 7 16
2 18 40 45
5 10 44 44
5 19 39 48
2 13 39 46
18 20 17 17
6 19 26 46
8 14 33 35
9 19 26 33
7 11 45 48
4 15 48 48
8 8 47 47
19 20 31 41
1 2 41 47
2 18 21 45
1 1 43 48
13 15 1 6
1 4 3 15
20 20 46 46
10 14 41 44
3 13 42 45
15 16 43 47
13 19 6 15
20 20 3 35
12 13 36 46
17 18 41 46
12 14 18 19
11 15 13 32
17 19 42 43
11 19 10 24
10 15 34 46
9 9 30 40
11 15 48 48
15 19 29 44
20 20 15 18
14 18 1 47
2 18 13 41
14 20 34 36
13 20 23 37
12 12 12 38
5 18 36 45
14 20 33 47
4 7 12 18
17 18 37 40
2 13 2 25
15 20 33 36
5 13 24 41
20 20 16 38
10 19 16 38
16 16 20 28
1 16 44 48
11 15 8 35
7 20 38 43
20 20 18 30
18 20 6 28
1 16 45 46
4 16 15 29
16 17 15 39
10 10 35 39
4 14 17 18
10 12 21 26
16 18 26 27
16 17 41 41
15 20 31 31
7 11 40 40
7 8 12 18
3 17 9 9
10 16 26 47
15 16 43 48
11 16 30 47
15 16 29 30
18 19 3 10
15 19 44 48
3 14 10 15
3 5 30 30
20 20 47 47
9 16 12 43
4 11 41 44
11 18 48 48
3 9 7 17
7 12 12 22
20 20 3 36
18 19 16 41
4 18 8 36
15 18 2 44
2 6 39 40
13 18 48 48
13 13 9 41
14 15 6 38
18 18 36 39
11 13 36 39
10 12 6 40
17 19 41 45
16 16 4 8
19 20 41 44
19 19 36 45
11 13 30 41
2 4 26 29
7 16 45 47
13 18 13 48
8 9 7 39
10 12 14 21
2 12 9 14
17 20 46 46
16 17 5 34
10 14 34 48
12 12 20 33
11 14 7 7
13 20 14 31
4 13 15 25
14 18 19 22
15 16 6 36
16 16 40 48
20 20 18 35
9 17 7 29
2 10 34 37
16 19 46 47
15 20 37 40
20 20 16 32
4 9 22 48
13 16 47 48
17 18 28 47
3 4 38 41
4 17 33 41
12 18 30 40
13 17 36 39
16 18 6 6
15 20 6 44
20 20 39 45
1 18 34 45
17 20 12 36
9 14 14 38
1 16 23 32
5 8 39 40
11 20 16 16
17 20 29 48
18 18 8 48
10 14 1 27
20 20 18 38
11 19 6 21
13 17 21 34
7 10 8 44
16 16 17 40
5 18 7 30
4 6 5 32
16 16 27 28
10 11 1 24
8 16 15 45
10 17 21 22
17 17 10 12
14 19 4 4
8 16 30 45
12 16 43 47
17 17 13 40
20 20 14 35
2 17 47 47
1 4 5 18
12 15 10 30
19 20 36 37
10 10 27 36
16 19 10 40
4 15 12 33
8 16 4 14
9 19 40 41
16 19 25 32
20 20 17 18
1 16 2 33
3 19 19 29
1 20 27 48
3 7 25 26
10 15 38 39
13 14 11 13
9 14 15 48
19 19 42 42
8 12 30 35
2 7 5 32
13 19 1 38
13 15 35 44
1 15 19 34
3 20 9 27
2 16 47 47
2 5 31 38
3 15 27 44
6 17 43 47
4 16 6 7
16 18 18 26
2 7 31 35
16 20 42 43
2 3 21 32
7 9 40 46
3 6 20 34
1 4 15 27
6 10 7 44
7 18 3 5
8 12 30 36
7 9 15 42
8 13 43 43
8 16 46 48
14 14 12 44
18 18 26 38
13 17 24 32
10 18 10 31
3 16 23 41
17 19 10 43
2 4 43 44
3 6 48 48
9 19 3 9
18 18 44 44
1 5 22 46
5 5 38 47
2 15 24 25
1 17 9 32
7 12 31 38
8 15 48 48
11 18 22 43
5 19 34 34
19 20 2 18
7 12 28 34
14 14 13 16
1 6 11 40
7 19 29 32
13 16 35 48
17 17 22 35
19 20 11 27
3 7 16 18
6 17 18 24
14 20 15 19
20 20 12 42
13 17 14 27
15 17 34 40
18 20 33 33
19 20 2 39
13 18 41 43
19 19 32 32
16 16 34 42
14 20 7 14
17 18 18 48
17 18 18 20
7 9 36 45
7 15 27 42
19 19 12 15
13 17 26 36
14 18 12 17
10 15 39 48
5 5 1 14
12 12 33 44
12 14 43 44
1 17 41 42
10 12 13 33
13 19 32 35
9 13 28 46
8 17 33 43
18 19 18 31
16 19 33 37
12 13 41 47
6 13 31 35
3 19 47 48
14 15 36 45
16 16 41 46
13 18 19 39
4 13 24 32
14 19 30 33
2 5 48 48
3 17 31 40
10 20 10 40
16 18 6 21
1 20 13 21
3 16 28 32
2 3 19 35
14 19 5 17
20 20 38 42
4 5 2 13
15 18 9 20
8 9 28 35
20 20 17 30
12 14 11 15
4 8 15 38
12 15 30 42
16 20 14 23
14 20 18 38
6 8 28 39
13 15 23 42
5 10 2 9
10 16 44 48
12 12 18 43
2 13 13 37
17 20 8 35
16 16 24 33
8 16 33 44
4 14 5 9
15 17 9 30
12 18 29 37
9 13 17 26
14 18 34 45
1 13 36 40
1 2 45 45
3 6 38 47
15 15 16 30
7 17 23 36
13 14 24 45
5 18 38 47
3 8 20 42
12 19 23 33
6 16 19 20
10 14 47 47
8 9 18 39
3 13 14 17
4 7 13 43
20 20 13 40
8 20 8 47
7 18 25 40
12 20 28 33
1 11 48 48
17 19 47 47
7 9 1 16
16 17 19 33
17 20 1 25
8 16 36 41
18 19 30 43
14 20 9 13
6 18 26 43
4 20 36 40
2 7 27 45
9 10 44 46
15 19 38 42
8 17 47 47
12 20 15 48
2 6 13 29
20 20 29 38
9 19 35 35
1 14 7 33
3 7 12 43
20 20 39 46
8 20 41 41
18 20 11 11
13 13 34 46
2 6 14 22
18 20 14 39
8 18 13 47
18 19 22 41
16 17 10 47
17 20 8 37
2 9 38 38
12 15 5 34
4 18 32 42
9 18 13 46
5 8 47 48
19 19 30 48
13 19 28 35
12 12 6 32
3 4 4 4
17 19 33 44
8 18 1 9
2 2 13 17
20 20 21 24
19 19 26 28
8 15 36 45
6 13 16 33
17 19 48 48
13 16 36 36
20 20 13 45
16 16 12 43
2 7 28 28
19 19 28 39
20 20 45 45
11 15 6 18
1 18 27 37
3 20 4 31
1 11 35 45
14 15 23 47
1 15 12 24
19 19 44 45
4 14 48 48
20 20 45 47
12 17 34 42
14 15 40 48
7 13 47 48
6 11 24 28
17 19 18 46
7 17 44 48
14 20 3 44
1 11 5 30
16 19 1 9
14 18 25 33
10 17 5 26
4 19 31 48
4 6 25 46
4 19 40 45
9 16 15 19
3 19 36 42
20 20 46 46
17 19 16 41
13 17 7 46
18 18 26 37
8 18 29 41
19 20 33 35
2 5 3 31
7 17 10 13
13 15 9 45
1 12 33 45
15 18 40 45
16 18 45 48
10 19 47 47
6 17 23 32
1 11 6 32
17 17 13 26
20 20 13 24
7 7 47 48
1 8 23 26
17 18 45 46
6 19 31 36
9 10 27 35
6 17 19 27
5 11 5 30
20 20 26 31
8 9 34 46
14 19 8 26
13 17 10 47
18 19 38 47
7 12 16 44
17 18 27 39
8 19 6 41
11 11 12 37
12 14 34 43
15 16 13 14
17 18 36 42
14 20 25 37
9 12 9 27
6 13 15 22
6 13 12 38
13 16 41 44
11 14 32 34
5 15 5 34
17 20 27 41
3 12 43 44
15 18 30 37
13 13 29 48
9 13 21 27
5 6 40 46
7 16 48 48
18 18 45 46
5 17 44 45
20 20 11 25
14 19 34 39
6 18 11 20
20 20 16 16
18 18 19 38
9 20 41 42
8 10 2 5
13 15 30 46
20 20 23 39
16 17 34 41
9 13 33 44
1 20 15 40
2 6 38 46
16 17 18 37
17 18 17 17
2 9 32 38
10 19 8 18
5 15 3 10
13 20 8 27
17 19 32 46
12 19 25 31
19 20 13 42
9 20 47 47
13 19 3 46
9 19 14 24
13 14 23 48
12 13 48 48
17 20 7 23
19 19 6 20
16 20 32 32
7 10 14 14
7 12 44 46
16 19 28 44
10 18 21 26
5 11 5 16
10 11 31 35
10 15 46 47
3 3 2 41
3 20 1 33
1 11 43 43
16 16 4 6
6 18 38 43
19 19 45 45
9 15 8 37
9 20 20 40
20 20 28 48
15 17 39 42
2 10 33 41
20 20 42 46
10 19 35 43
8 13 21 22
1 15 4 43
6 18 12 22
12 16 36 39
17 20 39 42
12 18 48 48
19 20 5 17
3 5 41 46
20 20 23 26
4 9 31 46
7 9 13 14
2 14 1 39
20 20 33 39
12 20 25 39
15 20 8 41
3 14 38 43
5 18 17 30
2 19 32 45
16 16 10 39
7 18 45 47
14 15 40 47
17 18 19 45
7 10 16 47
14 16 30 34
20 20 30 40
13 17 24 34
12 13 37 39
16 20 22 23
19 19 37 47
10 20 39 42
8 9 24 47
20 20 1 43
17 17 11 40
17 19 16 36
1 9 10 32
1 7 20 31
16 17 44 45
7 11 38 40
6 16 4 22
2 5 11 18
4 17 37 39
11 16 29 37
9 20 38 47
3 17 19 34
9 15 22 36
1 17 16 38
5 8 21 41
19 19 30 34
4 17 5 24
9 15 35 37
14 15 37 45
8 17 35 44
4 17 29 37
16 20 40 48
1 2 12 24
1 19 17 37
20 20 7 15
3 16 7 48
14 19 22 45
11 19 38 39
8 19 2 8
3 17 28 47
13 16 17 35
18 19 8 42
10 16 47 47
18 18 25 36
14 16 36 37
18 20 27 35
7 14 27 34
2 5 33 34
2 5 37 43
2 16 33 48
20 20 8 41
3 9 8 33
17 19 27 47
20 20 20 48
3 19 7 25
11 16 8 25
1 18 42 45
5 15 39 43
7 12 15 38
9 16 42 47
20 20 44 46
7 18 6 26
20 20 47 48
13 13 14 43
1 4 3 11
14 19 15 20
5 6 44 46
20 20 41 46
3 11 45 48
7 15 12 45
8 15 5 6
20 20 11 33
8 12 15 27
17 19 40 40
17 18 20 29
13 14 43 45
8 18 14 40
15 17 28 45
8 13 47 48
8 11 40 43
2 7 18 24
8 11 2 28
9 9 25 39
1 5 47 48
18 20 41 47
4 12 47 48
13 14 21 27
8 13 41 47
2 5 46 46
5 11 1 17
15 20 38 40
9 13 44 46
12 16 26 27
15 15 20 23
11 11 47 48
20 20 8 36
18 19 13 36
2 16 47 48
20 20 24 37
15 19 17 28
9 9 23 25
5 11 13 44
19 19 8 11
2 13 23 33
5 15 33 41
18 18 4 44
13 15 30 39
7 7 48 48
14 19 20 32
9 18 42 47
8 10 12 35
2 7 8 40
1 19 45 46
20 20 35 42
4 8 12 33
12 16 7 22
12 19 13 16
10 11 13 38
10 11 13 15
16 17 16 28
15 18 8 21
4 12 46 47
2 5 6 33
16 16 16 44
2 3 7 24
16 16 17 37
16 17 6 15
6 15 10 22
17 17 31 47
1 1 48 48
6 6 21 37
11 17 18 41
8 19 17 23
3 16 1 43
9 16 4 16
16 16 36 41
11 16 18 36
13 20 17 29
15 15 46 46
1 11 28 35
15 18 40 48
15 18 41 43
15 17 24 36
11 16 24 37
16 19 9 35
14 17 41 44
20 20 17 22
20 20 12 14
