61 88 1705
642 33 788 215 693 231 713 429 85 321 661 459 928 629 965 570 543 198 112 94 40 554 698 105 311 386 351 186 578 214 888 426 352 280 289 614 844 662 289 579 366 27 524 762 273 575 202 389 326 421 204 84 138 108 387 357 536 969 600 153 277 804 588 599 502 686 532 116 756 746 440 344 173 476 990 678 638 423 710 764 359 153 568 31 303 3 147 147
363 463 588 347 976 990 397 699 135 669 6 758 393 445 746 477 502 533 475 940 794 259 664 229 272 792 185 718 650 153 391 172 256 436 323 322 807 391 63 954 522 398 289 195 985 391 99 338 420 458 11 497 785 708 860 379 186 473 996 699 645 81 789 92 171 236 947 904 424 511 555 909 1 576 97 813 521 577 901 423 215 497 595 444 730 437 224 201
176 478 566 34 235 237 90 675 328 222 714 748 429 870 199 390 66 479 579 95 493 301 515 126 797 737 799 191 889 910 577 662 991 897 9 281 211 565 198 196 245 232 229 132 65 380 65 709 707 240 857 232 901 359 969 762 360 201 627 900 968 396 650 534 12 541 155 733 838 324 498 82 12 312 922 15 145 979 607 124 5 386 821 992 491 487 900 841
274 198 621 152 683 222 339 485 479 101 968 909 722 148 431 803 823 683 784 335 235 507 546 544 970 625 175 830 259 51 759 582 248 922 214 879 563 275 227 408 945 558 213 291 935 371 321 23 750 973 345 562 97 840 14 492 633 880 728 253 196 991 259 692 729 298 342 541 19 763 340 5 3 850 380 318 384 589 444 992 775 682 909 501 365 267 936 306
385 577 942 438 283 16 75 377 552 85 298 551 644 213 163 618 241 774 850 618 438 483 363 193 69 913 34 343 482 120 672 604 569 180 721 92 741 42 796 620 852 222 837 951 779 733 901 314 466 158 314 504 793 878 492 238 514 341 262 965 888 655 901 987 322 977 459 567 526 887 123 698 210 425 534 343 319 512 993 220 168 261 441 710 602 69 932 12
491 436 102 484 451 182 762 1 664 118 332 224 77 213 322 953 57 40 391 59 775 573 874 102 232 443 798 381 840 384 537 69 898 942 263 58 150 445 239 340 838 899 842 52 314 717 920 813 332 137 691 595 582 787 988 198 908 72 22 311 932 1 247 279 438 595 131 937 16 248 800 309 904 300 612 525 882 576 659 62 381 863 108 282 659 116 49 305
27 684 232 434 620 17 657 720 139 100 504 766 310 342 287 530 578 768 427 721 652 136 695 361 111 36 60 216 219 128 558 110 461 399 705 564 89 766 844 829 137 354 573 137 961 549 48 899 323 258 533 684 466 859 47 18 395 999 317 435 829 745 561 771 848 576 791 380 336 382 446 791 705 917 153 388 250 144 330 795 689 514 177 42 131 510 300 10
723 713 859 342 717 252 662 753 550 729 81 669 794 623 982 189 528 739 162 658 743 485 913 539 905 609 402 864 675 603 553 251 108 109 979 386 334 551 292 909 871 687 830 817 205 933 428 900 234 134 359 188 480 892 2 101 718 729 89 783 833 94 617 113 236 688 642 988 165 664 212 814 527 1 624 543 738 763 47 236 170 999 317 871 402 778 360 55
488 209 257 354 803 319 471 199 874 364 91 714 782 489 285 347 354 613 297 891 367 135 457 344 432 293 662 57 44 30 698 795 524 822 601 670 238 190 957 362 518 570 702 708 163 806 480 526 281 760 101 469 486 463 962 849 144 757 548 599 464 634 313 984 676 311 285 228 494 639 735 973 300 601 94 363 244 531 142 590 544 138 129 941 788 615 126 751
985 889 396 163 428 560 974 267 179 179 994 39 129 304 476 446 139 214 481 251 731 221 502 329 147 314 976 759 382 239 594 570 965 170 866 772 848 891 64 229 740 720 218 998 647 479 321 6 147 478 280 300 161 827 437 674 584 386 667 162 168 321 173 740 461 532 97 613 464 201 960 601 882 313 803 495 500 301 573 709 281 872 971 216 210 703 488 522
804 893 817 406 458 8 154 257 485 86 184 86 777 184 679 720 529 951 744 276 328 193 655 714 244 633 197 168 253 857 118 824 422 978 58 260 848 675 888 574 220 95 909 106 238 539 761 234 856 28 223 566 462 559 302 802 643 354 125 708 172 458 226 918 189 799 701 741 340 241 610 743 796 196 726 656 677 95 406 65 372 381 913 425 669 725 18 149
388 837 53 949 419 590 913 110 709 190 662 107 714 736 517 817 319 877 990 587 994 191 865 612 263 569 512 365 149 131 773 344 347 183 262 994 324 257 490 507 400 570 623 93 152 119 89 489 145 195 437 674 87 310 75 211 985 412 544 216 780 773 954 659 251 152 128 612 652 640 742 101 715 108 459 400 105 347 669 993 415 756 917 911 43 955 550 845
102 779 399 238 621 896 564 573 844 751 473 164 417 595 442 104 602 132 900 438 423 690 285 243 830 934 379 68 566 780 513 97 380 621 629 487 653 937 674 540 289 88 175 777 937 419 114 525 228 787 455 313 719 300 725 237 678 346 96 490 668 970 289 364 124 260 490 427 779 717 123 9 821 473 24 778 149 844 43 11 936 953 577 63 996 26 865 695
115 579 149 152 598 870 942 310 771 921 739 797 68 883 466 695 647 759 828 364 162 300 542 923 466 401 86 155 518 486 241 958 691 156 162 956 30 869 158 578 730 524 676 722 259 600 177 102 106 948 770 533 73 412 458 673 420 205 835 217 931 379 877 133 130 767 277 287 497 522 390 745 474 713 435 81 500 493 96 289 65 36 11 256 22 764 944 305
977 406 629 31 636 55 356 489 358 739 392 814 74 939 240 531 881 150 536 119 350 844 134 896 578 112 552 910 504 897 461 329 861 917 395 770 411 334 150 100 781 761 637 538 316 407 99 257 823 45 669 311 24 26 219 408 784 708 337 949 927 567 51 805 552 691 603 489 283 570 195 745 813 857 108 99 437 275 34 553 7 945 746 477 892 203 496 680
66 395 610 835 423 247 841 675 757 129 928 865 651 971 710 50 655 609 849 324 751 82 925 318 68 768 191 146 223 269 781 709 451 635 523 213 907 885 813 343 124 740 179 184 656 165 280 884 323 632 82 32 351 937 856 924 907 93 485 173 186 40 258 648 264 877 989 337 386 910 811 515 207 53 457 582 803 18 177 4 925 296 689 83 48 148 749 678
285 692 959 596 93 699 430 83 30 906 791 747 519 481 806 275 681 781 584 532 838 700 935 955 193 701 945 679 553 104 253 525 661 317 839 758 899 485 320 551 630 444 939 198 428 997 410 421 812 227 766 587 862 5 178 208 259 902 495 920 911 404 882 13 284 740 539 668 950 636 919 310 702 995 274 833 753 852 637 50 169 949 511 365 711 917 690 561
680 378 590 602 189 235 403 494 533 33 209 616 974 586 889 358 296 946 328 614 969 435 914 387 589 669 803 791 572 425 748 784 723 761 569 269 406 5 472 589 510 109 520 33 335 400 511 709 776 915 426 996 938 391 350 871 397 437 517 586 858 597 688 512 889 806 584 518 720 220 524 887 878 505 717 614 528 472 888 908 975 350 46 852 724 122 240 487
868 39 91 7 331 888 740 394 691 615 589 547 865 617 908 913 954 422 910 675 923 465 392 804 594 378 424 656 648 543 835 347 945 658 441 832 472 717 94 483 686 113 567 958 830 540 279 328 49 5 614 768 767 505 363 569 862 901 411 903 603 86 350 527 205 788 133 605 102 277 230 889 748 768 12 810 799 574 229 392 58 886 550 548 426 620 66 972
434 948 578 790 610 956 230 149 73 394 799 121 259 605 495 669 602 569 663 918 331 422 183 670 301 965 682 888 887 437 885 894 547 272 574 139 625 638 661 709 287 321 813 168 315 902 924 972 597 246 481 409 798 35 529 990 618 448 518 238 500 121 775 103 422 199 733 580 606 646 331 668 620 959 199 516 349 97 316 440 740 746 884 520 69 994 10 650
702 135 645 244 981 569 961 275 918 727 928 971 816 533 449 278 837 149 809 151 772 664 561 847 968 953 229 650 442 138 361 879 696 953 533 610 654 850 891 258 434 872 679 79 386 145 998 672 918 350 739 775 196 691 215 1000 681 666 540 664 831 444 197 543 32 742 571 215 949 901 436 601 66 271 511 504 122 122 257 187 519 46 997 534 558 200 324 881
518 822 491 443 201 157 149 103 521 295 365 474 151 468 335 320 4 28 557 858 567 661 557 959 693 408 422 13 490 708 499 44 389 967 639 687 251 173 253 823 696 641 281 952 397 297 903 917 193 812 416 192 311 510 299 747 848 207 855 477 945 50 243 258 746 981 904 965 349 661 588 228 400 580 239 232 921 577 974 655 229 208 262 670 546 234 212 19
973 971 556 356 62 443 525 408 119 51 300 20 717 953 163 813 629 475 756 26 552 632 107 75 519 313 195 498 882 711 868 285 94 401 873 984 296 806 603 635 890 898 917 315 864 666 54 1000 620 278 241 542 461 868 32 767 677 587 853 101 400 893 446 682 996 30 162 593 786 325 105 734 323 245 152 841 274 86 795 347 197 829 539 94 160 956 353 392
185 950 265 547 968 807 742 802 186 132 956 549 976 272 348 799 841 546 194 165 337 795 10 4 356 380 724 970 745 284 496 951 291 130 957 227 797 812 432 781 112 887 381 840 490 71 918 119 556 956 749 734 536 553 307 423 110 390 146 546 398 644 910 307 165 266 313 781 248 101 589 627 625 790 831 819 253 618 490 323 45 556 26 424 879 430 410 315
577 555 718 648 130 176 519 955 298 751 176 274 899 462 437 806 695 311 880 190 862 844 910 775 380 826 967 344 587 179 552 860 324 99 469 167 779 558 419 41 164 334 708 621 846 276 374 75 382 811 456 249 209 538 513 221 408 371 730 887 25 873 108 160 954 305 331 927 259 454 830 633 113 466 494 269 270 775 227 562 44 695 257 373 353 408 705 684
276 891 418 34 890 781 486 955 950 308 185 792 55 199 297 243 533 903 900 118 242 548 768 102 809 831 422 758 643 404 782 608 209 407 61 899 642 500 262 571 764 123 158 38 971 748 138 599 247 550 681 701 784 294 475 819 290 208 449 410 87 284 9 256 542 735 851 540 191 332 572 138 158 939 161 961 127 865 147 659 169 563 832 610 178 826 548 961
547 845 363 383 978 427 945 352 997 206 616 3 833 916 742 40 796 648 687 746 206 564 541 888 209 696 700 173 526 330 168 978 306 957 137 270 763 907 16 981 209 646 561 629 430 109 186 628 83 638 857 577 951 806 162 777 424 898 340 380 561 866 10 860 426 361 359 939 167 807 343 732 506 592 240 603 847 113 535 178 259 822 706 5 912 437 928 610
420 166 118 61 704 124 10 717 611 140 152 526 566 784 815 91 937 774 795 755 640 858 29 93 735 930 737 560 442 382 531 490 10 640 568 312 375 428 370 616 378 554 344 672 603 893 415 93 553 830 432 615 983 627 152 370 688 44 708 617 948 90 388 605 113 953 503 171 551 994 831 658 274 202 884 13 70 647 796 212 931 287 156 712 860 943 524 301
901 380 676 507 383 220 844 752 908 830 365 545 580 431 174 314 339 429 514 919 19 339 105 507 953 779 752 128 494 691 34 433 850 330 296 885 995 590 617 102 239 934 838 390 234 499 994 12 823 993 685 482 145 609 57 21 839 525 13 296 37 506 231 778 52 743 360 342 327 366 502 229 268 969 699 133 24 112 702 961 155 971 729 758 398 259 265 422
418 50 228 56 498 395 959 269 648 466 593 272 459 504 321 373 378 26 926 351 758 592 798 243 152 923 275 256 864 324 809 903 663 160 905 955 935 623 246 467 251 126 698 981 508 445 121 963 325 180 57 698 348 177 375 142 492 304 922 673 879 385 67 324 466 163 761 798 882 840 444 523 32 167 646 57 377 54 626 389 642 343 793 81 875 775 887 725
425 120 153 889 408 141 783 609 665 348 946 451 39 460 613 381 60 140 225 980 747 816 937 20 294 359 855 87 891 966 160 678 739 845 507 202 663 222 402 391 327 702 530 891 205 293 160 240 899 231 831 989 327 275 482 478 581 354 95 661 987 259 655 390 981 582 997 819 975 260 636 908 272 888 233 512 463 426 728 260 443 58 511 195 352 729 216 155
287 334 844 30 595 598 980 281 916 466 779 597 918 204 294 148 852 470 404 669 611 349 330 521 7 696 261 945 328 171 70 983 90 36 528 882 55 116 652 392 246 338 74 28 681 888 357 246 981 380 254 490 854 337 742 228 673 972 565 438 32 482 655 459 210 22 516 793 916 139 115 212 577 643 329 482 688 851 301 127 413 649 338 918 731 80 138 176
874 996 192 587 755 871 207 911 316 32 231 901 503 440 993 763 632 602 646 694 471 398 675 403 269 375 289 18 302 563 975 450 240 949 241 135 800 572 793 22 676 581 506 838 725 748 613 934 721 616 442 505 795 924 922 520 817 952 792 529 587 195 136 386 688 118 431 17 234 783 755 598 564 808 192 898 129 498 760 63 450 931 375 849 25 479 461 148
497 538 822 664 242 190 313 784 758 185 648 977 878 859 415 589 908 572 8 475 217 839 693 771 695 545 508 997 751 585 5 834 204 783 125 162 504 196 650 356 212 758 738 432 560 754 24 360 200 807 655 731 2 890 409 44 811 377 731 38 661 302 141 893 814 800 945 591 364 176 623 443 868 163 551 584 606 716 959 211 645 112 170 525 818 238 153 564
102 667 428 628 660 548 151 554 961 390 10 896 12 536 186 970 693 476 235 784 593 225 179 149 564 607 529 592 379 704 182 299 535 648 397 971 244 665 94 354 67 516 761 207 515 506 153 649 145 811 780 152 344 189 921 907 50 29 508 967 89 336 776 326 706 450 18 63 123 238 124 790 622 25 836 886 755 770 837 448 762 855 812 433 173 386 651 213
870 79 788 664 602 672 504 924 56 263 674 181 91 159 67 205 707 622 797 829 611 346 939 288 6 655 637 117 385 153 263 316 616 22 310 602 633 244 734 899 338 749 417 619 150 948 250 941 779 95 116 20 394 717 686 6 349 654 534 803 19 332 534 749 114 537 884 780 13 328 397 172 329 705 890 681 879 318 573 731 694 788 404 332 536 206 216 565
617 977 301 809 853 464 818 357 70 814 41 706 3 954 999 610 803 968 493 918 60 994 834 347 986 324 892 578 517 612 217 507 581 966 46 41 641 223 1 560 981 902 147 73 851 161 883 109 738 583 804 619 548 778 304 491 400 578 166 812 56 87 818 665 795 970 235 105 617 120 697 882 283 310 752 686 605 495 744 928 788 209 249 548 393 871 555 947
664 904 142 883 542 266 719 120 692 376 980 672 240 436 703 713 754 853 199 638 167 774 390 270 996 783 15 936 211 434 532 969 522 604 306 235 720 646 588 407 919 897 589 90 192 418 694 335 172 752 481 737 607 83 754 119 764 431 229 716 810 410 880 934 10 656 187 961 625 219 691 976 931 112 358 253 622 722 179 191 213 984 350 185 722 39 158 317
61 627 365 19 58 591 519 232 985 684 93 101 767 347 784 898 832 245 613 711 647 105 695 406 609 877 667 500 845 285 827 903 896 607 924 905 6 934 468 413 902 183 94 197 566 897 250 823 464 207 6 35 98 365 261 555 548 963 15 696 902 254 647 692 32 29 346 361 262 129 922 585 845 995 248 93 34 618 485 191 751 879 57 432 513 537 79 687
329 72 550 713 727 169 185 111 949 881 182 531 610 415 575 56 804 27 87 989 714 771 537 685 285 652 952 611 391 334 482 595 263 685 112 84 616 299 943 278 63 649 509 215 885 650 198 230 202 233 348 739 861 9 995 943 172 205 580 893 685 838 132 332 830 529 579 873 141 464 879 340 190 722 606 599 95 628 462 756 675 827 950 407 877 508 123 515
118 553 835 579 548 444 478 989 80 429 473 843 208 791 163 51 264 55 867 250 789 642 12 919 99 767 234 65 997 346 252 69 774 320 155 563 332 51 446 709 286 405 818 889 363 717 194 608 301 81 970 357 684 309 798 289 872 472 435 847 223 133 414 853 325 288 316 197 837 507 399 961 849 18 247 711 359 243 860 736 613 871 302 211 534 631 643 614
436 797 419 251 508 890 233 399 329 171 477 402 803 299 329 58 449 974 356 741 960 444 55 16 279 547 618 956 255 313 73 966 61 259 664 689 190 181 61 483 812 661 475 36 661 495 312 931 452 968 311 322 999 218 434 469 856 940 972 568 292 336 389 139 869 508 491 291 679 491 363 332 605 709 368 508 530 938 209 147 559 786 706 132 695 293 435 395
346 505 874 104 248 766 996 290 116 51 544 952 390 856 361 86 936 62 227 641 461 689 611 180 711 651 669 863 207 484 534 447 416 478 718 181 749 830 974 838 719 227 522 643 928 743 916 498 274 50 183 784 938 715 45 929 244 823 218 147 441 195 762 971 855 290 445 723 571 225 907 611 33 430 162 951 519 183 669 901 413 620 719 181 623 839 419 496
290 447 866 732 119 175 465 586 300 229 468 947 10 692 955 235 881 581 470 891 703 146 425 408 818 625 217 584 351 924 726 198 433 654 481 910 78 523 320 17 195 346 832 604 505 831 182 786 831 855 202 952 258 172 797 377 217 359 746 114 382 321 994 841 608 904 388 193 838 942 595 179 7 623 644 465 511 167 128 682 726 651 593 400 395 255 88 114
436 341 112 378 893 560 484 243 258 592 731 240 405 247 662 509 695 378 733 65 615 469 637 831 461 819 344 831 183 966 429 832 496 357 148 834 731 292 142 999 738 890 74 32 336 114 762 550 427 931 572 687 919 317 932 24 10 130 847 970 241 841 172 862 949 737 261 403 403 480 297 507 964 850 259 303 44 91 13 784 538 512 447 606 650 921 938 582
709 3 672 726 669 2 521 108 471 900 222 333 329 845 614 236 320 752 516 212 361 850 678 714 755 424 880 576 43 183 859 250 779 477 296 493 233 46 423 754 704 136 216 319 334 554 293 245 810 699 813 274 346 690 675 196 658 451 288 567 453 23 4 345 108 434 83 699 799 166 707 226 345 642 128 857 400 167 519 955 462 471 469 534 345 296 339 26
395 523 912 760 736 938 858 149 276 75 519 611 21 539 469 398 487 807 93 869 661 826 163 173 980 620 7 992 300 743 435 769 652 627 981 780 865 824 414 558 837 642 689 385 269 949 710 47 210 753 290 559 648 696 729 354 648 820 259 286 310 746 424 845 864 964 132 192 806 43 741 971 846 389 14 370 820 672 226 567 423 116 981 532 790 665 559 132
486 466 727 613 437 173 972 859 684 365 79 232 635 738 814 444 634 812 227 656 290 604 745 922 952 84 810 158 157 276 281 80 647 519 185 907 770 792 712 187 699 947 529 804 917 404 589 77 843 117 608 879 319 638 310 856 883 686 344 182 460 927 509 740 77 612 538 269 734 281 260 806 394 31 358 714 322 703 325 668 698 946 463 272 503 301 924 352
155 321 869 595 299 311 791 887 414 390 927 638 645 482 478 380 367 295 23 162 500 530 161 601 539 352 857 964 583 625 433 338 395 552 431 741 655 108 814 51 143 117 88 724 526 904 980 591 799 193 234 482 203 335 944 995 596 17 597 537 877 284 666 644 14 137 134 687 643 926 851 290 1000 517 953 179 160 480 904 723 166 610 873 127 657 687 298 101
23 733 460 824 964 972 820 216 544 317 680 836 504 498 461 208 623 877 515 29 407 570 919 493 206 777 162 912 181 90 955 943 170 121 675 960 620 29 100 567 234 352 166 789 856 120 443 225 458 396 925 347 755 217 488 138 135 431 83 504 66 54 328 219 116 607 658 688 3 328 607 488 883 307 125 459 190 344 29 101 910 781 856 181 139 653 382 745
111 223 45 158 689 410 335 441 443 641 988 906 84 397 474 7 940 90 824 441 615 922 342 701 748 99 104 731 991 51 444 833 956 386 806 706 890 880 475 337 270 179 644 472 338 807 253 594 836 732 803 618 857 999 90 23 757 870 449 776 557 532 596 190 112 639 640 802 594 891 156 487 526 398 483 255 671 793 558 624 582 932 673 33 507 551 521 460
643 424 758 349 454 421 111 951 866 353 754 405 682 643 265 230 481 674 971 435 611 142 943 79 606 836 158 997 516 83 621 327 185 490 343 666 478 747 116 937 811 960 963 520 111 429 997 801 523 807 167 58 739 318 52 510 844 76 390 457 942 567 562 629 637 54 567 303 665 4 361 232 561 614 601 189 290 200 929 728 187 489 954 834 373 844 995 245
82 57 451 609 950 637 407 82 387 450 700 618 602 151 231 19 720 103 698 728 701 383 345 482 436 36 516 193 508 932 994 843 546 490 170 763 54 30 55 382 851 714 29 436 983 871 5 665 98 9 391 220 767 949 813 366 183 353 77 582 991 360 266 808 742 182 163 457 621 280 447 728 636 179 207 967 423 73 372 48 172 123 600 247 980 729 7 666
76 162 877 21 967 605 163 543 551 70 130 819 610 658 11 591 937 325 868 989 513 647 195 146 807 99 943 889 271 983 784 44 521 477 404 902 554 222 559 559 563 506 400 184 577 367 365 734 192 879 477 273 133 469 518 868 220 371 905 953 629 216 509 182 964 325 878 42 783 474 487 931 675 795 721 960 915 980 265 484 986 161 440 257 10 658 835 136
195 313 258 472 977 246 632 682 418 719 980 985 779 211 28 12 926 982 306 736 356 140 808 252 205 685 457 977 529 79 599 218 550 648 731 437 294 522 510 206 241 886 833 553 200 1 449 383 590 885 127 653 717 494 881 302 435 7 135 242 789 98 986 313 853 112 926 790 983 690 483 876 164 734 237 648 917 510 588 67 520 384 460 13 896 890 860 776
623 820 837 61 919 587 907 383 385 362 489 660 497 412 201 918 571 582 147 303 953 129 494 984 732 956 677 147 119 821 563 957 972 311 791 316 630 178 271 234 359 142 530 857 211 431 198 557 25 130 405 985 661 859 315 663 251 460 291 526 438 111 446 796 99 751 450 697 29 772 498 853 387 686 289 608 541 891 717 162 50 683 724 147 168 436 434 192
203 176 249 131 477 865 56 681 441 348 93 871 679 286 281 986 191 390 56 545 319 903 786 644 154 628 915 27 50 714 858 435 149 89 478 58 431 656 733 456 899 344 685 911 907 667 601 976 571 712 342 950 414 364 541 97 112 151 373 706 274 293 855 485 683 424 676 391 312 968 556 692 751 366 982 976 363 140 986 844 624 341 296 236 604 20 804 700
491 217 805 400 377 401 841 372 270 435 359 312 445 892 545 209 801 21 889 234 832 716 25 619 205 606 372 694 698 789 909 855 432 789 213 22 905 21 521 23 334 440 152 466 216 64 113 844 783 750 64 39 291 947 133 928 645 135 253 477 909 326 770 590 675 307 126 976 93 274 272 469 606 107 337 576 69 859 764 473 11 920 775 359 219 930 561 821
718 769 16 843 474 837 217 199 837 406 81 213 806 46 785 303 706 989 641 305 754 836 41 283 290 177 11 455 160 560 660 859 855 722 552 640 530 154 563 139 946 892 352 533 717 870 949 389 991 313 285 372 823 426 734 289 62 44 829 801 525 40 393 448 609 990 236 50 231 44 431 178 210 967 936 132 744 55 991 816 641 13 278 919 376 876 322 108
811 769 971 268 662 630 98 416 374 17 843 576 123 784 831 784 55 699 781 410 737 65 864 112 5 17 956 118 61 444 675 975 721 424 712 547 156 656 500 854 348 601 722 278 766 971 485 781 395 750 268 19 409 152 882 699 185 786 781 44 318 836 10 21 573 253 973 826 393 765 977 190 751 59 209 270 605 595 401 233 167 347 945 166 523 232 612 599
882 94 383 780 880 905 82 785 902 271 672 718 371 426 67 531 288 637 299 451 96 355 697 599 105 506 503 162 324 18 7 397 487 73 853 791 513 588 643 990 397 114 335 436 756 689 236 241 868 168 568 501 70 226 680 120 770 506 14 230 226 396 797 443 417 488 290 530 23 99 134 562 561 135 947 222 192 186 888 773 567 989 335 115 362 273 168 474
51 55 54 73
46 47 6 32
44 54 26 45
31 50 34 83
37 38 67 67
53 58 35 75
52 52 9 48
42 43 64 80
36 41 5 52
43 51 35 63
53 57 33 55
49 50 68 76
38 42 6 40
19 52 11 36
1 9 50 53
45 48 26 36
45 53 20 56
36 51 51 69
58 61 57 70
19 50 87 87
57 58 57 81
29 32 26 70
59 60 17 58
37 45 64 71
27 33 19 40
22 36 1 60
54 56 25 85
57 60 24 42
51 59 65 82
60 61 81 81
4 26 38 44
21 47 56 88
35 47 40 62
18 56 80 81
6 53 27 48
24 36 76 83
26 46 44 81
50 53 34 61
31 59 48 82
53 54 49 66
15 37 66 76
10 43 16 40
21 21 28 82
36 55 62 82
47 53 59 71
59 60 82 85
40 51 88 88
6 31 27 57
37 48 42 59
47 57 52 76
48 50 50 58
32 59 29 69
20 41 34 82
37 57 37 69
48 54 13 74
19 26 41 85
51 60 7 50
29 61 8 22
22 26 22 76
9 12 11 60
38 46 27 30
22 48 28 81
7 11 13 14
44 60 26 32
29 55 67 81
18 55 45 77
20 46 88 88
43 54 61 76
3 56 83 88
54 59 1 31
57 58 6 10
28 60 63 85
54 60 41 46
58 58 33 79
8 54 62 81
11 32 56 72
11 55 22 46
37 47 19 31
7 22 34 85
36 39 61 82
7 60 12 57
24 29 7 44
31 41 50 73
4 20 37 64
1 22 43 74
56 61 74 78
52 53 51 83
30 56 68 74
52 60 13 66
29 36 22 51
50 58 29 79
22 45 53 73
45 56 30 74
20 51 79 81
34 41 5 38
36 47 78 85
45 51 4 21
50 52 32 76
38 45 75 80
48 51 24 75
35 49 19 68
9 36 71 75
9 57 28 86
4 46 39 71
52 52 45 54
5 24 59 71
33 47 79 80
20 59 66 69
59 59 77 77
14 18 80 84
28 46 35 69
7 53 58 82
36 48 53 80
21 44 24 38
19 49 14 18
58 60 45 47
58 60 26 58
4 29 15 62
60 61 41 44
16 30 6 59
34 41 20 67
49 58 46 49
10 17 48 50
39 56 33 59
50 57 64 88
4 45 21 88
52 56 70 85
58 59 36 68
60 60 74 81
46 52 59 74
26 42 62 79
34 40 87 87
5 9 7 58
8 34 60 67
1 7 79 85
29 45 55 80
9 44 40 86
40 49 63 68
20 57 75 77
40 53 42 52
30 59 45 53
29 35 42 84
46 54 79 84
6 28 22 79
12 37 71 75
44 53 50 58
4 31 66 68
19 21 33 77
36 39 23 24
40 40 70 87
19 56 25 53
23 57 81 88
10 21 81 83
29 42 35 82
15 45 3 69
26 58 78 80
16 52 66 78
57 60 86 87
61 61 66 81
50 53 20 87
16 18 65 68
46 50 25 56
22 25 66 67
37 53 22 31
41 45 86 88
46 50 70 74
15 27 32 48
46 47 66 76
26 59 14 87
52 53 8 82
43 54 9 60
40 43 42 48
25 30 3 79
40 57 86 86
12 42 87 88
26 48 36 85
2 30 20 31
1 33 50 73
26 45 48 60
23 23 25 55
58 60 2 20
13 51 83 83
22 60 85 87
25 32 1 14
61 61 53 61
3 8 71 84
54 56 1 54
33 44 26 31
12 53 12 73
29 61 71 74
37 44 87 87
14 39 8 73
60 60 29 84
19 28 69 83
16 31 43 71
5 56 38 84
28 51 86 87
24 49 57 66
22 51 24 43
10 18 82 85
60 61 68 78
53 60 25 81
21 47 70 74
43 56 60 69
39 59 19 29
47 48 88 88
4 21 87 87
28 39 82 85
7 51 73 76
58 61 3 40
42 55 54 64
32 38 1 88
32 35 32 58
11 24 55 69
57 61 79 79
40 43 13 75
34 37 37 55
37 59 7 65
53 57 68 77
7 34 45 82
34 36 84 87
24 26 43 86
53 55 25 41
10 52 10 32
57 57 22 80
41 56 34 64
11 50 69 85
48 54 81 83
38 48 72 80
51 54 4 34
44 55 10 26
16 22 80 85
47 60 62 64
57 60 66 67
24 50 57 66
61 61 23 30
22 32 64 67
31 49 63 67
43 49 35 53
6 37 43 70
18 59 12 16
35 52 82 86
53 56 75 84
12 18 70 78
22 51 20 55
58 60 60 85
11 43 83 86
6 8 21 54
30 51 28 51
50 50 1 85
56 57 62 75
44 51 19 66
2 49 64 65
36 49 74 83
33 59 15 49
39 50 68 81
21 50 13 34
57 61 3 65
23 27 73 85
8 13 10 19
20 37 78 84
18 19 8 47
32 37 32 75
50 54 4 28
21 49 57 85
24 25 77 78
26 56 86 86
40 58 55 82
1 54 14 27
14 17 75 83
34 51 87 87
42 47 57 86
23 30 18 79
15 18 36 88
45 61 2 19
60 61 36 48
1 26 60 72
50 54 67 86
36 54 37 37
33 44 30 59
36 37 87 87
54 60 73 86
46 46 28 43
13 24 73 76
6 9 32 79
8 39 65 85
61 61 76 77
36 50 83 83
49 59 62 79
60 60 29 52
19 39 16 87
6 44 34 58
46 57 19 45
26 43 20 69
49 52 39 80
50 60 29 32
59 59 52 71
35 45 85 86
30 54 60 79
37 60 39 73
21 44 87 88
58 60 59 77
9 16 61 79
4 38 71 82
61 61 53 77
38 39 68 73
43 52 61 77
37 53 9 73
34 53 87 88
61 61 26 43
61 61 13 62
28 32 55 87
46 57 81 81
36 55 15 71
60 61 16 52
53 54 43 72
61 61 15 84
15 29 10 80
10 25 27 49
1 29 74 77
18 44 56 80
29 33 50 51
40 44 62 79
22 35 10 38
7 36 45 63
16 34 15 21
26 59 69 78
31 51 31 81
31 50 67 67
56 59 23 60
7 44 24 75
41 44 53 86
22 46 55 86
23 34 2 32
4 9 61 73
35 52 23 64
47 55 39 48
40 49 49 88
57 61 27 65
52 58 56 85
36 53 47 49
41 45 50 71
34 48 31 61
6 30 33 81
5 13 35 42
14 33 13 39
16 42 84 85
19 21 11 43
44 59 76 86
23 41 86 88
34 51 13 18
53 55 6 33
15 53 61 75
56 56 65 80
18 59 56 69
7 28 60 75
39 41 10 15
21 44 85 87
4 60 63 86
24 39 31 88
29 35 63 63
53 54 84 85
14 30 74 74
32 58 25 68
18 44 29 72
55 60 28 36
60 61 34 45
3 43 16 28
9 20 29 84
37 60 39 72
18 49 10 19
40 48 22 50
13 14 76 84
56 56 57 77
45 48 68 74
28 55 88 88
48 51 39 85
41 50 23 44
8 16 35 37
31 32 33 65
4 49 49 65
6 39 32 63
16 59 66 69
6 42 54 88
26 47 57 61
34 51 43 62
19 44 46 69
16 29 40 58
35 58 2 45
34 53 84 86
17 23 52 73
12 46 16 87
4 24 21 52
57 58 14 83
16 16 4 76
44 60 78 78
44 51 27 71
35 59 44 71
43 59 32 44
49 61 53 62
29 38 40 40
2 13 29 68
21 42 20 87
4 45 61 75
5 10 60 63
45 57 36 86
22 24 53 67
14 20 5 88
15 61 78 79
20 54 43 69
7 15 32 53
51 51 58 75
34 37 68 76
13 59 35 70
60 61 20 48
38 55 71 85
1 33 24 31
32 47 16 25
61 61 25 75
16 50 70 88
13 27 79 86
16 42 72 84
25 29 62 88
52 60 26 74
4 9 38 85
43 55 82 82
7 35 16 44
40 52 4 9
26 40 59 80
9 39 9 57
3 55 40 44
39 58 38 59
1 58 42 62
48 57 23 39
22 43 54 58
13 28 18 53
21 52 75 77
6 34 47 68
36 51 43 78
54 58 16 37
58 60 30 46
10 33 18 24
43 43 70 75
61 61 9 33
33 38 39 42
40 52 22 56
61 61 32 64
24 37 33 60
37 56 38 40
41 44 75 86
53 61 13 49
13 43 8 19
50 60 3 78
16 59 45 63
41 50 28 84
37 40 70 80
57 57 58 70
48 59 21 32
7 18 8 60
38 49 60 82
30 34 36 70
2 11 17 36
59 61 61 85
52 60 39 75
57 59 56 82
3 42 45 68
19 50 3 44
25 44 47 84
42 52 33 40
50 61 47 79
56 60 49 54
39 50 14 26
35 57 15 23
43 51 23 24
21 33 63 88
5 15 55 59
5 13 78 80
33 41 14 33
8 41 61 69
18 53 37 76
9 56 83 88
43 46 18 82
39 57 63 74
48 61 60 70
45 52 35 62
44 54 29 70
4 42 59 66
53 57 35 86
49 50 48 64
53 60 1 36
3 60 21 47
45 58 81 81
17 46 37 64
19 26 37 37
29 40 29 33
14 28 26 79
16 60 58 74
17 39 43 70
56 61 12 18
61 61 80 83
19 41 36 64
44 47 64 82
9 43 35 82
24 53 79 86
55 55 47 55
1 7 79 85
26 44 23 28
32 60 75 86
3 6 75 78
12 42 37 79
51 51 38 43
15 15 34 60
3 56 63 81
7 42 57 66
14 25 79 80
20 24 84 88
17 43 53 65
18 26 74 83
28 32 82 82
21 54 39 79
24 26 4 78
39 44 10 46
11 24 57 63
61 61 14 82
24 32 46 65
46 52 85 86
41 60 73 81
2 53 45 47
58 60 73 84
14 25 73 77
34 53 35 87
31 51 7 84
55 57 24 46
32 60 18 81
27 35 5 88
52 57 36 80
56 59 33 38
45 57 73 79
20 27 56 68
8 48 16 66
5 50 39 54
5 52 33 79
7 31 47 68
9 30 11 54
2 24 58 85
11 61 23 36
45 54 86 87
45 52 21 48
49 52 81 87
1 38 84 86
34 38 26 63
57 60 78 81
8 59 29 45
54 57 29 72
13 13 86 87
17 46 3 14
44 54 38 74
49 61 53 73
45 58 78 85
2 11 42 50
51 58 83 84
60 61 30 59
21 40 10 29
32 54 22 65
45 53 38 80
52 55 82 83
17 42 6 22
25 31 74 78
41 43 35 55
2 53 15 77
21 58 12 88
5 19 66 75
35 36 20 20
54 54 39 75
35 48 60 86
53 53 72 88
18 30 61 62
1 2 73 77
33 43 49 83
36 51 81 86
42 52 23 50
25 47 78 80
54 61 76 79
50 56 27 32
2 28 78 83
27 42 33 43
19 50 38 49
19 46 38 64
28 52 66 80
36 37 57 72
57 59 34 39
29 57 43 69
40 42 29 67
55 57 1 76
6 27 40 41
49 59 16 78
35 53 46 74
18 58 54 68
29 36 35 82
15 35 41 75
26 39 9 57
38 40 44 73
46 52 15 44
55 61 39 43
42 51 12 61
25 26 9 66
24 49 22 63
17 41 7 71
23 26 71 88
30 60 71 79
11 42 50 68
2 30 28 34
20 33 18 32
21 59 12 22
49 58 65 79
23 52 80 88
48 60 42 43
12 47 80 84
8 32 74 82
43 44 43 81
61 61 88 88
55 57 85 87
37 49 41 43
7 47 57 64
2 7 74 78
41 51 88 88
20 35 35 63
10 39 7 12
41 49 27 79
22 60 72 77
12 18 44 45
15 32 60 72
35 57 67 73
49 52 72 83
48 52 20 40
30 46 78 82
23 38 45 48
41 48 77 85
20 23 29 80
15 18 73 75
14 49 87 88
20 35 29 45
23 44 29 78
52 52 72 80
8 54 86 86
10 31 48 63
30 44 86 87
16 31 46 87
45 51 12 65
3 31 47 84
44 57 52 59
54 56 52 81
4 15 53 62
14 44 1 79
13 50 38 41
11 43 88 88
31 49 77 79
15 50 59 67
17 25 70 88
34 50 59 59
52 60 62 81
27 31 79 85
55 59 27 53
2 24 86 88
38 47 37 86
23 30 49 84
38 46 76 85
8 20 41 56
22 27 9 72
54 57 31 61
46 53 66 84
38 46 37 47
13 45 24 65
1 12 19 46
7 44 39 41
25 47 65 80
33 44 40 68
40 57 23 32
59 59 54 76
21 30 52 82
53 60 15 81
61 61 68 75
40 56 62 79
11 19 31 32
38 46 78 80
43 61 67 67
15 23 74 75
22 38 36 44
29 52 29 35
56 60 50 56
54 56 27 62
4 5 16 59
25 49 72 72
56 59 1 30
26 50 16 43
60 60 88 88
16 18 79 79
46 60 51 66
27 34 67 87
27 47 26 52
6 53 5 78
23 29 16 54
36 42 2 48
14 47 46 60
3 47 61 65
52 59 86 86
34 55 80 87
44 52 38 82
2 22 15 78
60 61 62 78
7 36 54 64
45 47 16 35
47 56 16 51
5 34 7 38
56 56 66 71
48 60 58 62
55 61 7 31
10 45 69 76
18 56 41 73
55 55 56 63
17 35 59 76
15 57 38 83
49 51 40 73
54 60 28 86
14 19 76 87
3 53 13 16
56 57 87 88
14 45 45 79
19 24 72 74
52 57 18 48
20 52 59 77
26 58 23 64
53 56 82 82
44 53 8 8
21 41 36 36
56 61 18 77
55 57 31 35
58 61 72 85
4 55 1 28
24 37 21 45
3 8 28 73
47 55 57 57
38 50 85 87
50 57 88 88
46 47 2 72
22 35 76 78
60 61 80 81
47 49 54 78
27 46 27 46
7 26 16 46
4 14 24 56
30 50 28 40
6 44 74 86
8 32 13 54
23 51 53 77
17 39 27 52
38 41 21 63
4 21 8 76
53 54 2 80
36 42 34 46
45 46 48 72
10 35 13 43
20 54 39 69
26 42 86 87
41 57 61 77
39 39 73 88
7 61 76 78
30 49 81 82
18 32 30 50
12 33 55 73
16 34 37 53
41 61 44 82
7 21 65 82
5 36 14 54
61 61 50 56
10 14 30 86
43 48 75 84
61 61 40 70
46 59 84 85
1 7 53 60
1 31 53 62
45 59 57 85
19 40 41 83
19 26 84 88
5 33 32 81
45 54 73 75
41 60 83 88
42 49 74 81
32 36 43 47
5 36 38 55
4 16 7 53
41 53 53 65
40 55 23 80
44 44 54 82
31 37 1 11
10 34 72 79
20 40 61 71
60 60 21 30
36 38 5 77
47 56 42 81
9 61 72 75
20 23 82 86
55 61 10 19
24 37 48 82
44 52 81 82
22 48 53 69
38 58 27 52
38 53 13 49
12 52 9 39
10 16 9 17
37 46 21 34
20 32 20 28
42 45 80 82
55 56 35 80
53 56 39 62
2 55 80 87
12 49 22 45
33 40 67 81
29 42 45 85
39 47 13 80
18 31 27 54
9 51 51 76
42 61 35 88
50 58 28 57
20 55 79 82
6 50 16 40
49 59 38 71
45 47 77 79
23 28 61 61
53 59 18 25
1 54 35 78
32 51 6 41
49 50 82 82
50 57 1 81
1 35 39 66
1 43 63 77
27 45 88 88
32 54 59 60
40 46 5 17
16 30 87 87
26 32 42 76
7 31 3 69
24 28 64 79
20 51 32 79
47 53 7 43
7 54 21 58
42 57 74 79
50 61 37 87
22 36 5 66
21 42 35 80
14 46 17 23
46 48 82 85
54 56 47 54
17 48 66 76
12 24 61 87
5 46 66 85
8 49 15 55
29 41 81 87
11 40 70 88
36 50 3 32
11 13 77 83
32 55 60 63
16 19 86 88
34 54 20 62
59 61 78 85
61 61 69 76
48 52 7 8
37 45 28 83
49 52 70 88
54 58 32 60
9 36 54 64
24 59 3 55
15 40 83 88
8 24 32 52
23 41 83 87
33 59 10 64
52 55 73 75
38 46 45 70
47 54 43 45
21 53 55 83
21 28 78 79
14 18 34 54
10 56 62 88
49 50 33 68
44 49 16 24
22 42 84 88
26 37 13 71
16 32 24 49
39 58 50 77
31 50 25 27
32 46 29 38
33 54 78 79
50 55 70 83
24 58 58 66
46 46 57 59
40 53 78 79
46 50 80 87
59 61 77 83
39 58 3 41
53 60 62 74
25 48 66 74
12 14 86 86
57 61 69 88
35 38 7 43
10 49 69 85
33 61 15 34
20 30 3 69
20 49 74 74
50 56 73 86
17 41 13 66
13 41 41 63
45 56 44 71
53 53 29 61
35 52 50 82
9 17 53 60
39 43 18 46
48 52 34 62
15 56 4 47
31 55 34 63
57 59 33 87
33 51 35 49
28 44 18 33
42 52 29 64
47 58 71 75
11 31 38 83
3 31 20 42
30 58 81 85
34 51 32 75
43 47 21 73
40 60 51 62
12 53 58 67
6 9 17 52
52 58 85 85
39 60 11 31
44 53 26 55
36 44 50 83
19 38 46 70
47 51 40 62
28 57 63 75
56 58 12 15
48 59 55 85
41 52 53 54
11 29 2 83
39 39 80 80
31 56 47 68
4 50 84 87
48 51 27 50
16 27 52 66
34 55 43 85
42 42 58 76
57 60 47 88
22 36 59 66
41 42 60 75
8 59 1 47
29 54 17 82
50 55 76 85
56 60 15 87
18 43 44 85
4 19 5 38
2 34 27 53
42 53 14 73
47 49 78 88
18 37 58 76
12 54 7 10
45 55 19 77
49 50 65 68
2 46 78 79
29 55 46 56
29 59 86 88
16 51 13 61
25 34 27 63
27 60 75 75
11 29 59 60
3 47 80 87
59 59 59 66
10 30 52 64
45 49 15 45
44 61 68 72
25 52 4 15
47 56 21 44
2 46 81 83
24 50 22 74
31 54 13 52
35 49 78 85
2 13 23 79
52 54 43 57
41 46 35 40
36 57 83 83
27 43 69 79
4 9 59 69
42 53 4 11
49 59 69 70
2 24 86 87
50 53 41 47
60 61 7 80
43 50 63 83
45 55 80 80
45 51 3 12
13 38 20 69
31 51 56 69
5 21 23 85
30 47 12 18
20 57 62 77
51 55 9 11
41 57 29 88
19 52 59 84
55 60 9 53
57 58 12 49
56 56 39 56
49 54 33 74
1 3 79 80
22 41 31 41
46 60 27 80
60 60 6 28
23 47 26 37
21 55 78 83
44 48 66 77
32 54 75 76
61 61 47 63
22 46 54 69
57 61 41 76
32 50 86 88
5 51 50 82
39 47 17 70
27 38 4 72
8 33 59 87
30 34 25 45
47 47 34 43
30 31 10 15
55 59 51 69
28 57 85 88
12 50 16 47
14 26 64 75
1 24 20 69
48 58 37 75
57 59 19 36
13 60 74 82
5 32 2 74
25 50 21 52
2 30 3 79
21 30 5 17
56 58 32 51
21 34 71 76
23 45 52 52
47 55 36 52
60 61 18 74
2 43 41 76
11 36 55 87
3 51 48 81
37 57 67 76
9 32 23 45
47 55 20 34
22 49 69 75
58 60 65 88
38 54 2 75
13 52 30 62
60 60 62 80
50 51 48 79
18 55 1 46
8 24 37 48
42 50 47 51
11 42 18 62
48 56 64 78
17 56 6 64
39 47 5 50
28 50 13 22
51 55 46 50
27 38 69 82
1 11 35 71
36 36 61 86
61 61 19 19
5 35 55 74
11 21 25 47
59 61 43 44
51 57 47 59
16 37 15 28
38 51 15 60
54 57 47 70
18 46 55 73
19 19 20 83
26 47 70 70
7 12 26 32
46 53 29 75
49 55 78 80
28 29 67 81
51 51 27 69
13 41 47 55
17 27 32 71
10 34 32 57
50 52 72 79
3 21 26 67
12 57 11 72
2 14 49 57
53 55 7 77
3 40 7 84
46 54 75 88
41 58 13 76
27 40 52 70
58 61 61 76
55 58 57 68
35 61 5 37
50 59 83 85
16 39 34 66
8 23 12 23
29 54 80 82
9 15 60 80
37 48 59 88
33 42 66 70
26 39 57 61
6 22 66 72
17 47 20 70
45 47 79 80
25 45 41 59
35 41 86 86
26 41 52 83
52 61 36 88
44 46 67 82
53 53 10 27
23 41 83 88
31 41 71 78
53 55 39 71
52 61 78 80
38 39 50 69
56 60 70 76
15 20 19 37
43 52 59 76
57 59 51 61
52 52 59 68
20 46 21 53
43 47 14 64
7 60 18 72
46 60 79 81
39 48 69 86
24 37 53 60
55 59 29 35
46 55 58 82
12 39 20 78
58 60 6 18
33 48 59 65
56 56 45 79
48 49 6 56
56 60 30 43
30 38 15 88
10 17 86 87
44 59 23 30
7 15 66 71
44 54 87 88
38 49 35 44
25 61 53 56
52 52 56 81
13 14 69 88
36 44 51 53
22 42 34 35
26 60 75 84
6 56 48 61
56 56 66 68
4 53 15 19
54 54 68 70
59 59 64 64
2 39 27 34
18 34 70 70
60 60 36 43
43 54 80 81
16 18 77 79
16 47 40 57
37 54 5 88
39 56 72 85
1 18 15 31
12 23 8 82
11 26 86 86
11 19 73 88
9 18 12 78
50 54 72 72
38 55 56 61
45 51 72 85
4 25 83 88
13 60 62 74
23 52 1 82
9 17 48 82
13 49 15 21
35 46 41 86
51 56 38 51
23 47 30 40
13 15 83 83
21 25 59 76
54 57 43 81
47 60 29 86
25 59 24 87
17 29 68 72
59 61 40 84
31 53 88 88
61 61 14 20
53 57 53 75
6 6 71 71
39 51 24 87
36 57 12 25
44 53 74 77
27 59 23 24
21 36 75 80
29 42 43 80
13 32 75 87
57 60 78 88
49 54 24 40
9 10 71 81
11 34 38 84
24 34 65 73
10 32 1 12
39 53 32 87
55 58 5 53
36 39 51 65
12 38 34 63
5 14 71 78
1 10 86 86
60 61 9 37
9 20 51 63
3 55 50 84
53 57 72 80
21 45 24 25
8 29 30 75
14 14 58 74
39 46 88 88
60 61 12 39
44 60 75 79
43 56 23 39
61 61 61 82
54 56 69 70
13 61 28 43
46 54 47 83
37 58 57 86
33 47 64 81
58 58 58 88
9 61 29 54
56 59 37 40
39 43 43 55
23 28 84 84
56 59 15 32
3 19 53 88
19 27 52 72
14 20 4 73
50 50 85 87
56 57 34 70
30 48 63 64
18 21 63 70
3 12 12 38
21 51 12 85
42 49 27 58
22 41 20 30
45 58 40 44
25 52 30 46
46 51 29 30
54 54 30 68
48 61 19 26
59 59 43 55
23 58 46 82
40 61 61 79
21 47 22 88
18 23 35 62
18 51 59 80
14 49 60 84
38 61 11 18
45 46 38 41
16 16 45 79
26 27 58 61
34 37 25 61
50 55 19 41
60 60 56 69
36 38 63 71
36 46 36 55
6 20 14 41
27 53 82 82
47 57 61 68
18 58 51 52
35 44 46 83
26 40 9 52
51 52 74 85
19 23 65 76
53 58 31 59
29 37 67 87
27 52 59 65
58 58 1 30
51 52 72 81
51 60 44 44
58 61 38 42
11 41 21 66
6 39 47 77
1 48 55 82
9 20 78 87
19 40 34 88
60 61 27 51
16 59 67 87
56 56 52 65
58 59 20 57
15 55 62 70
37 47 23 36
56 61 44 74
46 46 70 75
22 41 17 40
60 60 35 64
50 57 16 37
25 59 17 67
34 46 10 56
44 56 26 75
57 60 16 54
30 32 13 61
19 23 9 36
14 18 77 83
10 22 14 78
24 34 81 87
45 60 39 55
5 48 22 59
25 60 4 11
17 34 87 87
24 50 73 78
8 45 28 58
26 28 6 12
4 6 87 88
53 54 8 55
13 34 68 83
53 60 68 74
18 41 50 59
58 58 27 51
50 54 25 50
61 61 75 77
21 28 38 82
31 39 73 80
16 56 12 25
34 39 5 15
12 55 17 29
54 55 72 80
58 61 86 88
12 16 75 76
44 47 59 64
9 39 53 69
3 22 6 85
10 18 20 46
33 48 66 67
43 43 44 52
21 33 53 53
36 56 13 67
15 58 67 87
52 59 54 78
25 28 56 61
52 60 19 34
24 55 46 82
45 56 88 88
59 61 84 86
41 43 3 15
44 54 68 74
9 18 67 82
41 57 54 54
22 54 59 71
12 52 27 35
45 51 49 50
1 5 33 57
39 47 77 84
16 48 46 76
11 47 11 45
35 57 80 81
38 38 35 45
56 56 60 73
38 60 11 11
29 49 72 74
30 44 5 79
61 61 44 83
8 52 81 82
15 33 34 56
18 40 86 86
22 47 51 79
29 58 78 83
44 57 23 78
23 35 33 80
7 21 6 71
52 54 44 62
32 36 70 74
56 59 64 88
53 60 13 73
56 61 87 88
29 39 28 36
13 51 40 59
4 39 77 87
50 61 69 87
35 52 7 20
60 60 75 85
9 21 65 72
32 49 44 55
61 61 12 12
27 46 57 75
3 27 52 73
11 56 69 72
37 60 77 77
27 61 72 74
22 55 28 85
41 47 55 77
31 33 46 69
15 40 87 88
51 56 75 77
16 20 47 64
2 11 22 57
29 47 5 27
36 38 85 88
32 52 19 48
54 56 26 38
47 52 45 46
41 49 35 75
12 60 11 81
43 54 62 62
24 31 76 84
21 26 63 64
24 54 40 79
37 40 86 86
47 50 71 79
37 57 49 66
48 50 6 69
29 30 39 70
54 54 48 58
33 47 54 79
8 20 73 81
56 60 52 77
30 58 67 87
55 57 82 88
43 60 79 87
4 14 79 85
28 53 73 81
33 55 5 84
4 43 35 40
15 18 76 84
41 61 56 72
55 55 32 64
52 60 5 86
6 29 38 45
11 40 51 55
36 58 30 50
53 57 20 84
56 56 50 65
56 59 28 47
55 57 5 61
4 43 80 81
21 58 33 61
38 45 54 68
23 28 43 75
60 60 9 15
7 21 15 16
21 53 78 83
28 28 9 49
60 60 15 70
23 54 24 83
7 59 84 87
59 59 27 72
2 29 49 77
61 61 60 79
20 32 34 45
55 60 10 44
13 24 43 73
22 49 36 58
10 16 15 45
54 56 62 72
43 51 4 59
12 23 72 76
43 45 76 87
2 27 17 73
43 45 21 31
1 29 47 74
12 20 8 31
29 37 24 36
41 60 37 43
26 61 33 78
60 60 56 59
11 28 10 80
28 56 60 60
5 21 78 84
31 38 61 74
35 54 8 71
57 57 60 84
32 35 75 85
3 10 76 79
24 33 69 74
23 30 29 41
45 59 38 65
31 55 22 57
20 41 71 88
22 29 84 85
32 34 27 78
58 59 27 79
58 60 81 83
28 48 39 84
32 60 34 78
9 16 68 74
22 27 83 87
25 25 59 70
11 14 49 82
60 60 33 61
9 16 86 88
10 43 87 88
19 22 85 88
42 50 56 84
7 59 39 88
14 35 6 6
37 49 40 41
3 39 36 39
15 19 32 40
6 49 61 74
41 54 34 69
35 59 46 81
30 43 47 66
53 55 83 85
11 41 56 70
17 25 19 22
46 58 78 85
56 59 33 49
24 29 10 10
46 48 51 81
43 57 67 75
51 51 49 55
50 52 27 68
48 61 76 76
53 55 37 85
26 33 51 52
21 47 34 68
6 56 70 70
25 54 30 46
54 59 82 82
21 21 35 79
52 52 61 82
18 33 76 84
4 36 34 48
28 47 83 85
7 53 61 77
6 53 58 66
2 4 23 62
10 60 86 88
12 57 58 61
13 43 31 69
31 52 50 71
6 46 7 17
55 61 22 53
42 47 15 16
50 52 59 66
15 55 74 77
37 41 68 80
31 60 58 66
36 50 75 76
40 52 72 86
23 47 3 6
26 58 35 51
55 58 18 65
16 23 37 53
47 60 88 88
17 37 79 85
25 42 54 74
13 48 44 86
47 58 54 87
58 58 28 53
44 58 1 20
6 22 78 84
22 46 19 25
37 60 45 76
49 59 58 74
48 57 43 84
18 30 21 85
46 49 75 80
41 56 72 87
24 57 47 75
25 61 44 66
32 53 34 38
61 61 30 69
31 60 18 20
9 37 64 70
45 59 65 82
13 33 61 66
40 51 40 83
49 57 64 70
15 34 32 53
25 61 81 84
12 15 30 64
43 55 60 87
5 45 52 63
36 45 88 88
18 39 31 63
16 22 24 62
45 49 80 86
57 58 15 27
16 35 35 40
60 60 72 84
25 47 16 51
26 48 54 58
9 14 63 69
18 29 12 12
23 44 3 48
17 51 14 22
39 57 39 86
23 24 59 59
10 43 7 44
54 61 32 80
8 58 16 84
41 54 14 73
1 14 44 67
36 46 41 82
11 38 9 27
37 54 47 47
8 31 32 33
53 53 75 78
9 36 14 39
54 57 50 87
11 61 25 88
26 28 37 44
12 40 70 85
58 60 49 60
29 55 72 78
37 53 29 57
23 32 65 83
5 28 71 77
37 47 21 43
52 60 66 79
15 24 27 68
41 57 18 57
43 50 10 31
23 40 85 88
33 46 70 70
7 29 47 48
59 60 6 72
54 58 39 39
13 48 39 60
50 59 80 85
7 8 44 65
35 36 27 52
45 60 33 64
56 59 81 87
53 60 42 67
8 53 70 86
39 49 12 35
5 5 84 86
27 53 47 60
60 61 2 55
19 30 27 30
2 31 14 25
7 42 58 83
40 40 72 85
12 12 55 57
6 50 58 60
41 53 16 68
18 56 75 88
3 13 12 13
32 57 28 48
9 58 82 86
13 42 71 82
38 56 88 88
52 55 72 88
12 28 14 26
53 57 74 87
36 43 18 75
61 61 27 76
55 58 67 77
35 56 15 65
42 56 83 87
27 53 26 31
11 40 37 49
49 61 72 81
10 45 2 70
2 48 16 65
41 45 77 78
13 35 50 85
32 45 66 80
1 43 86 86
10 14 8 25
11 35 10 69
29 43 84 88
41 47 62 83
29 47 66 72
13 20 22 78
13 28 48 88
1 24 84 86
60 60 39 87
39 44 45 61
55 59 4 88
19 29 11 62
29 40 24 77
25 42 56 67
33 35 73 84
36 60 77 88
50 54 19 26
4 4 47 84
57 58 17 54
51 54 16 81
46 51 65 80
49 58 16 80
8 42 19 21
23 36 57 77
39 58 23 47
44 53 75 76
54 56 42 88
53 61 38 81
19 60 85 88
13 48 39 85
43 61 38 52
25 50 31 83
49 54 25 42
28 28 3 33
48 50 73 86
24 44 65 75
19 24 71 79
9 57 45 72
39 49 53 56
23 43 33 78
55 55 81 81
17 49 47 69
