285 12 960
681 899 717 142 18 429 17 120 8 324 693 219
640 867 281 614 139 357 683 1000 389 598 484 342
585 600 161 982 674 344 418 148 5 557 848 613
806 115 758 102 531 852 510 819 896 288 943 337
395 7 492 995 417 204 443 817 655 238 325 966
347 825 862 676 48 935 14 663 49 282 621 994
252 795 852 536 312 378 174 147 111 771 847 941
190 359 991 111 577 307 135 5 570 523 785 339
433 525 941 746 615 481 689 102 72 328 971 415
507 138 372 414 854 588 309 347 129 709 310 927
853 877 175 806 620 335 681 420 4 431 144 588
945 124 616 757 947 276 668 373 897 670 769 457
106 725 1000 97 192 378 437 238 779 668 876 835
570 151 692 179 280 366 537 954 47 270 264 366
420 677 952 537 754 517 126 159 853 908 335 341
998 867 30 457 86 741 305 772 465 316 435 587
173 911 279 662 738 654 586 706 390 597 957 820
509 258 681 827 422 694 997 634 186 218 371 861
847 432 206 217 760 356 68 312 945 7 881 853
137 972 762 475 138 192 111 747 308 356 341 298
567 99 163 332 41 414 630 267 620 547 290 645
994 945 613 953 425 712 558 508 411 413 577 85
601 23 542 539 817 251 137 304 804 472 984 230
360 42 369 950 854 793 773 605 725 124 526 526
468 200 830 211 766 439 59 717 898 621 751 442
279 703 909 81 3 624 311 456 567 200 304 817
530 475 169 180 707 771 524 202 664 12 374 166
688 818 365 612 104 295 526 300 820 389 263 229
220 202 676 610 86 649 312 833 70 425 328 686
325 322 648 288 307 556 129 469 440 910 909 625
270 200 102 392 3 747 759 822 787 313 513 158
954 225 692 689 479 198 727 633 273 742 590 465
602 860 648 617 803 192 749 17 705 650 582 504
634 70 362 768 646 405 642 73 695 496 672 729
747 508 11 919 484 739 262 271 127 572 697 281
72 48 221 506 495 680 600 266 818 853 137 421
940 390 991 727 433 667 165 121 499 916 778 294
311 241 619 840 546 210 114 318 294 794 822 567
278 861 232 721 268 384 196 441 846 18 581 30
264 739 786 281 895 767 628 59 962 111 727 886
571 665 906 40 765 967 346 973 272 362 168 166
852 593 891 902 664 507 744 824 870 915 101 543
776 383 444 20 173 116 88 935 175 951 602 731
773 851 262 601 543 265 122 219 409 143 267 656
154 417 609 527 392 259 144 85 67 495 937 694
145 153 210 815 51 205 860 413 591 266 355 474
536 126 500 157 797 777 750 941 121 776 823 18
544 601 171 100 426 940 435 762 722 710 428 390
326 939 314 860 717 592 605 60 846 791 313 492
203 912 99 242 253 455 535 783 985 694 669 221
141 591 923 772 821 593 974 543 523 541 681 868
373 58 322 824 242 461 343 799 696 483 602 399
211 796 616 309 932 627 617 190 281 550 334 98
115 891 300 414 771 27 110 772 242 273 531 19
944 1000 556 798 34 41 519 973 960 488 145 719
35 472 993 786 96 586 87 137 962 201 651 884
270 37 788 209 466 5 603 739 145 502 771 679
720 92 782 852 361 691 129 669 489 201 535 992
667 822 877 767 586 89 881 313 1000 95 788 139
886 216 143 216 786 106 573 685 307 697 937 110
4 411 485 488 405 839 746 424 802 677 719 53
507 820 530 519 685 101 177 106 538 343 119 365
580 55 476 939 954 314 347 122 299 132 266 567
427 868 157 999 188 49 232 197 223 320 141 22
2 87 364 761 394 833 250 586 289 14 342 524
230 893 630 920 808 686 138 6 604 892 832 859
790 760 185 744 141 400 835 523 48 216 705 625
355 921 636 808 244 630 42 811 172 222 362 809
838 379 109 501 500 538 130 547 503 236 283 36
755 223 128 640 47 35 354 104 495 664 647 791
125 349 375 39 591 520 20 219 272 372 507 487
573 613 711 424 44 456 208 918 79 26 6 896
314 974 368 760 555 224 49 668 980 475 230 145
624 284 179 823 659 303 205 531 783 518 797 348
112 131 910 687 327 87 245 954 466 96 56 824
684 401 397 751 502 488 3 842 545 380 957 894
551 163 99 970 466 896 681 592 776 148 145 303
844 949 982 98 886 102 584 966 435 412 660 569
554 603 258 945 815 393 716 915 89 423 838 809
451 547 483 20 135 256 269 835 285 886 536 976
432 579 829 306 5 926 111 176 941 590 650 958
393 217 1 439 840 411 801 854 428 579 161 510
208 7 273 174 50 622 481 576 402 501 476 687
731 346 459 690 437 828 82 895 285 900 743 204
884 935 321 110 567 822 770 622 92 942 77 980
959 306 965 472 744 979 378 189 831 338 231 97
59 628 124 363 360 743 701 487 153 162 166 423
382 477 969 528 355 29 68 890 185 726 282 298
517 267 150 892 398 620 409 295 590 791 677 891
393 641 161 717 12 742 267 367 856 33 782 179
688 355 890 969 437 782 695 494 606 8 31 900
644 987 311 396 354 421 889 510 381 678 879 337
103 186 693 387 803 414 604 732 805 61 485 419
388 204 506 283 679 734 978 600 392 596 726 269
242 994 320 578 94 974 281 912 428 490 879 194
490 393 465 218 590 531 384 526 355 523 374 912
406 624 24 185 820 501 296 341 982 665 354 863
880 775 908 490 687 10 105 403 504 249 530 472
500 834 243 873 234 290 895 133 914 496 878 416
452 430 155 643 670 835 869 872 725 804 111 212
863 592 224 426 870 669 869 298 211 406 639 784
674 548 413 941 503 65 779 641 406 822 806 111
538 962 148 428 553 852 997 175 64 945 636 614
419 914 454 897 519 995 103 38 513 545 98 562
607 441 598 60 881 107 259 129 984 630 47 501
785 622 629 539 602 267 519 646 405 215 428 540
490 846 417 816 459 713 266 680 4 879 189 245
905 237 415 333 841 855 406 284 145 826 469 887
338 122 306 175 377 440 608 486 858 139 149 908
14 882 949 932 282 783 995 901 325 470 697 652
906 653 720 527 713 529 74 840 263 565 410 716
294 998 244 160 674 680 447 166 664 749 716 635
546 955 895 889 52 404 936 611 711 854 47 112
235 742 44 913 338 520 207 789 892 993 31 574
209 838 74 210 302 601 748 778 385 96 314 485
556 253 503 877 550 164 180 885 674 269 218 624
581 402 256 310 306 637 365 1000 99 732 702 381
913 284 153 255 78 556 570 905 604 388 695 58
753 475 57 731 19 803 119 862 401 999 784 233
936 901 851 891 747 673 453 943 503 420 544 347
62 338 477 66 256 111 369 746 209 438 427 909
337 265 653 489 188 591 406 443 565 428 66 57
971 850 685 541 279 882 854 463 641 346 199 605
111 693 823 824 139 264 768 625 84 405 52 204
150 331 112 895 727 686 564 87 906 267 33 902
83 507 414 121 946 889 354 142 793 653 930 4
127 800 449 866 656 643 72 654 397 870 484 6
327 378 135 20 148 937 704 791 68 71 268 185
151 428 363 803 704 290 525 633 386 832 144 476
197 165 439 793 280 231 182 299 507 97 317 268
161 314 10 214 632 508 748 353 932 579 53 980
6 468 37 734 288 654 502 487 654 269 547 492
979 937 667 292 765 236 150 792 919 985 161 874
597 375 293 885 179 367 514 353 875 648 372 309
138 883 57 695 83 956 399 402 336 386 180 641
323 142 188 522 812 610 307 870 641 580 525 598
961 721 196 152 985 166 48 885 195 517 396 496
203 778 812 60 946 479 969 532 746 525 759 30
789 105 826 658 977 344 562 92 733 229 265 678
257 769 576 311 951 252 572 955 204 932 854 254
492 492 768 320 809 115 470 455 763 87 863 250
287 425 599 243 802 139 203 65 850 398 99 806
651 44 771 144 803 604 546 629 334 205 523 423
617 570 967 672 257 557 123 671 897 587 721 933
38 608 663 300 405 217 271 261 70 927 225 717
546 565 808 553 340 279 368 465 969 631 947 720
304 842 907 662 212 317 978 39 834 204 571 490
538 897 395 778 537 68 380 740 367 14 653 220
981 877 857 663 981 532 411 470 598 783 408 632
398 801 709 666 319 657 476 374 582 148 800 477
211 88 307 769 394 674 633 16 663 545 437 472
953 656 180 550 892 169 245 867 307 136 106 633
822 861 157 96 579 502 484 539 601 622 371 180
1000 137 539 127 313 338 181 477 485 441 647 518
647 435 255 979 663 805 44 209 580 122 471 216
530 344 990 505 345 134 144 749 116 457 345 402
220 190 757 531 845 539 789 285 932 590 536 614
490 397 143 97 705 663 459 980 880 194 543 824
231 980 569 480 781 997 403 458 118 547 666 152
593 223 425 788 574 413 731 404 792 571 99 671
389 371 696 836 264 241 434 650 475 718 378 684
947 521 891 46 527 240 709 159 440 43 728 910
558 886 576 172 487 283 247 461 372 801 896 200
503 124 655 891 242 678 755 308 542 542 508 658
336 611 724 569 375 734 977 656 674 888 683 383
585 251 388 886 653 425 762 471 843 964 778 505
422 771 251 515 766 914 423 389 640 887 557 732
25 373 572 578 417 129 582 855 619 676 856 244
449 134 91 302 451 647 94 52 654 554 949 513
654 678 468 46 832 811 293 730 283 789 291 440
139 340 14 706 325 213 844 941 408 991 125 112
157 355 995 485 601 543 880 632 877 157 586 509
932 513 730 13 164 214 797 149 445 712 466 562
575 189 969 984 72 225 152 857 446 350 606 205
474 775 689 658 803 299 528 341 183 639 112 294
934 197 400 923 846 584 968 10 555 73 100 710
591 492 363 40 705 6 671 355 806 625 546 404
796 273 797 651 879 725 102 687 473 756 61 717
655 382 125 302 199 195 426 773 677 367 951 987
711 89 686 369 479 867 316 549 776 315 846 200
457 826 10 104 894 789 656 892 136 807 411 309
866 719 774 382 827 99 464 353 379 291 283 767
992 988 969 710 24 821 524 763 835 387 273 892
409 728 482 142 910 271 713 726 272 860 189 783
775 615 409 899 751 12 864 208 995 751 251 772
237 691 772 742 995 373 180 724 453 449 17 664
595 592 112 525 671 352 747 997 211 763 102 500
242 393 484 785 53 10 593 470 836 925 570 21
822 646 851 745 45 429 927 582 712 925 930 661
286 173 628 801 736 820 773 418 134 597 985 570
679 770 280 216 515 470 131 83 191 586 464 961
412 150 325 619 834 956 20 23 990 510 442 971
83 241 918 812 315 342 380 418 603 506 865 178
57 308 352 365 303 971 734 881 853 760 283 22
980 338 301 640 234 980 795 759 570 659 901 512
275 682 488 11 300 721 834 610 379 810 505 870
274 102 637 407 861 978 588 733 273 378 553 135
232 102 113 634 817 137 806 31 349 40 816 155
763 763 519 431 845 320 186 29 968 178 391 979
487 253 749 810 830 981 455 431 386 12 711 264
707 667 541 831 212 492 692 332 523 887 267 54
821 11 511 806 89 924 681 963 962 169 260 104
921 831 874 700 974 437 117 755 597 923 189 844
617 296 651 492 934 569 853 463 475 971 564 68
513 464 139 295 563 104 107 181 359 835 407 571
73 916 643 133 781 263 613 233 393 677 70 107
686 69 143 546 839 551 88 186 880 450 71 372
731 137 526 491 157 811 171 586 744 262 204 80
200 978 304 413 686 856 46 464 586 246 14 672
113 961 437 898 424 437 433 193 440 204 13 796
423 422 842 898 463 291 390 920 407 791 490 316
453 336 538 216 581 617 514 520 218 113 770 424
68 507 58 751 814 508 580 839 511 371 944 230
801 784 790 855 777 613 482 907 205 433 742 178
33 678 279 157 606 715 498 820 754 149 138 676
1000 172 269 268 421 835 393 78 351 713 559 449
967 541 280 951 998 56 732 375 242 459 199 369
310 617 976 591 35 380 946 122 277 150 906 811
447 154 281 164 916 707 245 365 633 109 427 32
680 742 339 342 219 345 333 242 256 408 458 553
908 125 816 916 432 381 112 696 76 771 923 141
933 772 852 347 388 788 108 813 383 936 289 668
717 135 72 985 814 254 285 940 904 842 373 943
377 201 561 324 140 419 142 546 156 263 170 461
13 741 503 562 263 527 582 798 497 355 554 15
607 2 336 766 423 396 6 791 14 995 490 193
214 560 810 8 589 99 341 573 924 820 392 911
497 623 130 77 858 826 335 283 562 515 721 438
321 189 599 640 354 107 457 73 264 75 639 695
662 240 681 91 877 817 7 874 525 594 638 52
409 472 293 855 221 275 730 610 749 531 505 407
888 997 347 423 548 200 221 26 666 399 753 948
937 967 131 117 542 342 741 16 96 388 805 737
294 222 30 301 236 270 778 135 203 647 637 69
767 714 317 618 431 18 688 834 685 700 458 473
243 843 382 807 471 150 154 961 464 851 106 248
29 665 647 637 849 221 901 124 459 382 399 497
258 482 753 689 681 639 185 705 815 924 452 858
223 381 195 907 445 559 966 521 682 514 245 384
460 968 565 165 654 638 437 545 99 595 177 430
177 850 874 529 180 298 672 492 949 562 275 889
284 234 77 385 885 532 588 649 121 384 926 649
773 529 943 211 987 295 219 942 78 348 550 874
488 845 723 472 177 99 392 976 922 106 570 402
560 970 799 900 984 615 400 592 772 896 256 458
719 623 492 310 154 844 55 405 864 141 635 796
645 634 614 79 993 836 681 802 192 498 587 438
139 116 36 488 548 821 87 974 785 950 531 307
504 748 648 283 393 248 419 748 821 607 741 275
887 866 451 85 418 328 976 291 733 561 277 486
585 308 308 622 547 437 617 127 262 418 862 189
372 738 948 195 678 74 224 389 49 11 669 887
865 590 283 356 335 993 963 806 853 229 987 144
674 762 846 374 568 662 603 583 798 981 96 133
722 766 325 820 540 302 68 85 234 958 340 789
554 240 595 421 960 504 685 117 819 85 453 291
770 489 502 226 111 675 117 488 262 404 537 623
838 85 778 163 640 528 981 646 911 566 841 971
549 547 993 157 551 272 382 253 894 111 522 944
190 626 281 160 936 266 246 837 897 363 11 819
195 939 758 777 955 580 293 941 947 949 321 370
534 362 105 497 351 193 806 648 596 786 759 325
487 992 647 64 451 389 19 824 850 756 930 968
628 394 482 84 68 420 940 62 962 286 698 107
901 352 780 594 61 530 754 980 787 659 908 299
572 515 282 137 478 89 683 329 891 29 130 91
559 977 270 686 234 839 159 255 866 912 510 907
235 189 886 740 107 82 588 8 472 285 957 261
213 473 608 939 583 73 665 516 200 380 422 52
890 899 979 679 587 902 298 342 680 836 825 891
648 389 297 456 561 778 576 857 35 995 434 734
546 590 972 947 554 823 987 777 788 895 965 425
143 309 539 304 110 312 180 682 312 825 616 289
752 204 988 599 608 667 999 653 990 272 410 431
868 872 76 993 535 531 311 828 307 575 824 113
885 514 622 875 726 824 260 362 19 751 562 291
369 51 481 28 111 853 67 147 218 652 612 297
170 751 918 747 761 354 288 521 755 924 281 544
517 313 493 816 197 675 626 223 861 139 876 224
963 759 266 326 913 289 866 958 92 959 968 56
556 509 217 480 855 394 367 122 838 285 793 411
45 648 168 781 322 479 722 530 570 23 330 427
143 593 251 369 243 494 740 371 826 362 899 156
942 174 64 698 138 606 766 102 545 352 779 312
521 546 82 306 299 434 586 556 876 2 359 755
153 5 244 5
214 3 266 4
256 3 275 8
56 1 128 11
132 4 263 6
242 5 275 7
136 12 229 12
3 10 74 10
154 2 254 6
217 1 254 3
130 8 274 8
108 10 116 12
42 1 50 5
184 6 267 10
73 5 245 11
221 5 221 8
114 4 279 5
2 7 79 11
63 7 231 9
52 7 273 9
170 4 275 9
228 9 240 9
209 3 212 11
107 4 196 5
11 7 64 9
21 5 212 11
252 3 253 7
285 11 285 11
214 10 281 12
165 3 273 8
94 10 238 12
254 11 268 12
160 10 198 10
265 10 280 12
209 2 274 9
40 1 239 8
17 11 205 12
203 5 281 11
110 12 141 12
123 6 233 8
272 9 278 12
43 1 165 5
111 6 237 9
33 2 58 11
80 10 137 10
210 4 216 8
13 3 250 11
154 12 249 12
3 4 158 5
109 10 146 12
229 5 250 10
43 1 113 7
153 12 153 12
164 5 211 9
109 3 186 3
235 6 263 12
146 5 189 5
11 12 243 12
142 4 223 9
277 10 285 12
176 6 216 9
109 1 162 9
211 6 253 11
250 3 273 12
187 12 197 12
79 9 147 11
16 12 77 12
232 1 249 3
157 4 187 12
177 5 265 11
108 10 155 10
115 10 165 10
210 7 240 12
60 8 255 9
249 3 280 4
203 2 250 2
111 9 164 10
118 10 280 11
93 5 175 7
183 5 189 5
22 4 95 7
102 4 198 10
41 7 72 9
7 10 191 10
76 6 237 8
31 5 181 11
144 3 215 8
2 11 197 12
61 3 126 7
104 1 124 12
31 4 235 8
53 10 76 11
208 7 230 10
40 1 101 12
26 6 173 6
279 5 279 5
93 5 190 5
276 10 278 10
154 9 264 9
217 3 230 6
73 10 114 12
28 4 159 10
41 11 183 11
74 8 173 8
258 5 281 8
57 10 251 11
141 2 257 10
199 7 238 11
25 5 257 5
20 2 118 6
134 5 265 7
52 4 118 11
200 12 258 12
242 3 262 11
86 7 180 7
247 5 255 10
79 8 204 11
66 2 73 4
208 1 276 5
98 11 208 11
255 4 272 8
53 1 135 8
230 12 272 12
233 3 264 6
282 1 283 11
194 10 272 12
235 2 247 7
145 6 189 6
151 7 203 11
259 12 274 12
248 9 277 9
235 7 268 10
19 12 257 12
148 1 228 1
145 10 281 12
220 11 252 11
55 2 217 5
103 7 135 9
28 10 107 12
41 1 232 2
236 10 269 10
59 7 248 8
69 5 281 9
267 5 282 7
269 12 273 12
1 2 3 3
241 8 258 12
156 5 210 5
35 12 37 12
35 4 241 8
94 5 263 12
53 1 147 4
144 8 250 9
31 11 138 12
130 3 157 4
26 8 258 12
182 3 216 4
122 5 176 7
81 12 277 12
274 12 284 12
193 3 202 10
209 7 241 11
217 6 227 6
42 9 202 10
133 8 172 11
37 5 272 5
124 10 193 10
35 3 186 5
7 5 166 8
265 1 266 11
230 6 252 8
192 7 254 12
253 7 256 12
124 4 208 5
229 4 284 10
102 6 154 11
234 7 255 7
59 8 269 10
248 10 262 11
209 9 212 9
127 12 218 12
95 11 273 12
63 1 165 2
230 6 269 8
59 4 226 4
67 11 99 11
194 10 252 12
79 2 82 5
70 4 207 9
122 8 127 9
198 5 285 11
282 4 285 4
180 4 230 9
235 8 254 8
265 6 267 10
49 1 60 10
144 12 258 12
8 10 251 10
10 3 46 12
264 4 285 5
155 10 260 12
34 2 84 9
1 11 118 12
130 10 174 12
106 8 204 12
137 11 169 12
200 7 238 12
161 7 224 10
85 6 218 8
21 7 209 11
280 9 282 11
253 9 259 9
275 9 285 11
219 3 233 12
271 6 274 9
116 8 205 9
102 5 211 12
43 1 136 2
249 7 265 11
199 6 246 7
199 5 272 6
95 11 178 12
52 12 175 12
122 6 274 12
205 11 269 11
83 2 117 5
35 12 249 12
180 1 226 5
233 4 266 8
50 8 61 10
159 12 209 12
60 9 219 11
166 11 222 12
39 10 246 12
98 3 271 12
61 8 255 11
61 11 90 12
49 9 128 9
252 3 266 4
100 11 189 11
85 5 159 11
132 1 226 3
87 12 140 12
78 10 139 11
138 2 141 4
198 12 232 12
206 1 243 2
29 5 106 6
151 8 235 8
262 6 285 11
56 4 226 10
205 12 254 12
66 1 267 6
116 12 139 12
215 7 262 11
82 1 219 8
202 5 272 8
280 8 284 9
28 12 179 12
162 6 195 8
176 7 226 11
112 3 198 10
113 2 235 4
124 10 262 10
196 3 228 8
46 11 211 12
210 1 272 5
60 11 220 12
51 7 256 11
130 6 272 10
195 12 225 12
53 9 145 10
198 7 277 7
131 4 228 8
137 8 265 10
270 10 270 12
250 2 270 11
210 2 215 11
106 12 125 12
267 11 284 11
140 11 191 12
30 12 221 12
162 10 211 12
215 4 281 9
111 8 137 8
150 6 268 10
91 12 169 12
212 4 227 12
237 3 277 6
137 5 211 10
178 12 238 12
88 3 245 8
199 9 249 10
104 7 219 12
24 4 203 4
136 12 197 12
31 2 278 3
106 4 280 8
107 8 155 11
75 7 114 7
247 4 271 8
110 10 219 12
235 1 285 10
60 7 203 9
91 11 211 12
113 12 201 12
189 9 275 9
220 9 251 11
28 4 181 11
252 2 276 6
108 5 238 8
249 12 276 12
62 1 177 12
211 10 253 10
197 10 206 11
77 9 239 11
18 6 75 11
47 6 163 7
191 4 253 10
43 2 140 11
218 12 248 12
29 4 232 4
141 9 148 11
139 11 151 11
123 2 266 10
181 7 208 9
85 6 111 11
182 5 212 8
226 2 257 12
263 11 272 12
201 8 261 8
207 6 263 7
197 8 206 10
35 5 223 11
120 6 227 12
68 1 234 1
272 12 283 12
235 8 273 9
152 11 223 12
113 12 277 12
54 12 90 12
138 7 245 9
247 3 270 8
228 7 258 8
253 9 255 11
100 7 150 10
5 4 95 10
221 2 284 11
132 2 145 7
122 8 280 11
143 6 176 6
9 2 222 9
185 6 275 6
257 3 269 11
147 3 199 5
9 10 14 10
219 7 276 12
172 12 232 12
244 10 285 10
184 4 222 7
115 4 284 7
273 6 275 8
126 2 265 8
148 8 257 10
258 4 281 4
269 2 272 8
281 10 285 12
215 10 253 12
98 2 244 11
156 4 239 4
78 7 179 10
80 1 106 4
75 4 164 12
70 6 129 12
169 6 238 6
150 2 215 9
251 6 258 9
271 6 281 6
221 10 239 10
236 9 282 12
36 3 65 9
3 4 120 9
110 11 262 12
23 5 165 10
20 10 233 12
189 6 228 9
146 6 269 9
49 1 117 4
68 11 196 12
152 4 152 10
203 12 233 12
182 7 230 11
83 2 84 2
173 8 184 10
165 11 257 12
27 11 276 12
170 11 192 11
66 1 190 10
119 1 273 6
262 11 283 11
49 6 231 10
169 2 186 10
170 1 284 5
191 11 283 12
147 6 237 9
67 4 176 9
275 9 278 10
225 8 239 9
225 12 244 12
11 1 213 7
273 4 273 8
11 5 171 8
265 4 285 8
67 2 80 5
227 9 237 12
50 12 199 12
23 3 96 5
261 2 285 11
92 1 272 10
123 6 188 8
271 6 282 7
157 1 232 3
277 2 281 6
55 3 120 4
150 5 282 7
281 2 282 4
102 1 225 2
131 4 262 5
191 5 232 7
137 1 280 7
3 2 19 5
160 4 283 10
26 6 284 11
65 5 73 6
205 2 270 7
175 8 263 9
62 2 103 10
252 9 264 10
8 7 255 9
70 3 264 4
115 8 119 10
168 6 190 9
92 5 161 5
16 7 145 7
19 2 215 9
6 10 81 12
28 8 209 8
101 3 220 11
48 12 264 12
262 2 278 4
230 7 283 7
181 11 252 11
168 11 242 11
182 5 241 10
248 7 282 10
86 2 191 5
249 7 285 12
54 10 190 11
85 2 119 3
48 12 79 12
246 5 271 11
85 3 126 5
126 5 158 8
54 3 78 10
200 7 256 9
272 9 283 12
111 6 152 12
274 9 276 9
206 12 243 12
279 9 284 12
134 6 177 11
134 7 284 12
204 11 217 11
22 3 268 12
113 12 261 12
167 2 249 8
20 4 213 12
259 2 272 5
155 12 272 12
238 5 279 8
84 8 234 10
189 12 211 12
239 11 256 11
256 7 263 11
122 1 133 2
182 5 249 8
227 2 231 3
108 11 252 11
231 3 279 7
87 1 111 8
53 4 81 10
91 9 199 11
213 12 264 12
114 11 237 11
226 10 264 10
280 1 284 12
158 9 273 9
146 11 251 11
246 8 250 12
102 10 110 10
132 5 139 10
192 9 228 9
177 11 177 12
276 8 280 11
264 1 281 10
128 2 255 8
134 9 271 11
109 6 265 12
226 9 266 10
11 11 125 12
79 8 101 11
2 4 82 7
246 12 258 12
252 11 274 12
86 4 219 10
184 9 192 10
88 1 197 3
74 1 254 6
79 10 234 11
75 4 220 7
145 9 172 11
114 8 227 11
20 4 195 5
161 10 276 11
205 11 239 11
173 4 234 9
151 1 157 6
223 4 267 9
45 9 255 9
247 10 279 11
258 8 280 9
69 10 204 11
270 9 278 9
134 5 267 8
129 10 164 12
46 2 222 5
126 6 159 10
41 11 205 12
172 5 245 6
67 7 123 7
122 2 231 12
49 3 214 12
96 4 208 8
123 4 213 11
208 11 252 12
11 11 67 11
31 2 119 9
167 6 275 12
187 7 199 9
18 12 179 12
277 3 284 10
62 9 210 12
242 8 250 10
152 12 209 12
77 1 119 12
29 4 56 10
1 4 111 4
246 9 260 9
144 5 217 11
35 8 229 9
280 10 284 11
67 10 252 12
233 5 245 11
244 2 263 7
220 10 267 10
70 10 222 12
163 5 261 10
115 8 222 12
246 5 281 8
24 4 123 11
177 9 179 11
284 10 285 11
139 6 152 8
191 11 213 12
186 12 238 12
241 8 242 8
62 6 66 11
95 8 171 12
52 12 273 12
211 6 235 12
136 4 201 8
136 12 241 12
197 3 231 6
263 8 266 10
119 12 259 12
212 9 222 9
104 4 186 8
191 2 195 8
188 1 194 7
60 9 166 9
278 8 282 10
55 10 65 12
124 3 181 11
15 2 91 10
113 6 246 8
68 3 156 12
170 9 211 9
65 5 116 5
69 7 120 10
274 7 279 8
3 10 162 11
194 9 265 11
34 6 224 9
159 4 189 7
233 9 270 12
147 4 147 6
13 8 276 8
43 11 232 12
26 1 172 12
201 7 285 9
132 9 137 10
120 4 237 9
102 5 238 5
224 4 244 6
111 1 218 1
139 6 221 7
144 3 267 10
17 3 31 11
60 2 150 7
162 8 252 8
162 7 255 10
231 10 274 10
165 4 166 11
247 10 278 12
254 7 285 7
1 7 117 11
277 6 280 10
64 11 205 11
50 11 142 11
3 10 202 12
100 2 229 2
7 7 247 11
255 11 260 12
236 12 272 12
128 4 182 9
246 7 249 8
169 11 240 11
84 5 108 10
65 7 265 12
124 8 206 10
163 1 238 4
235 9 235 10
258 8 264 8
66 4 124 5
129 4 266 10
39 3 47 7
44 3 253 8
126 4 152 12
28 5 205 12
140 1 267 7
262 2 269 10
181 11 204 12
126 8 221 10
263 7 283 10
100 6 146 9
194 10 237 11
193 5 241 6
284 11 284 11
109 4 226 11
127 2 227 12
96 11 255 12
154 2 185 4
124 9 283 9
205 7 210 8
210 7 274 10
257 4 259 6
211 12 215 12
256 7 274 9
89 12 138 12
57 9 246 12
228 11 241 12
269 11 280 12
98 2 103 7
27 11 208 11
137 11 157 11
24 6 25 9
146 10 184 12
152 12 251 12
62 10 213 12
211 5 228 11
257 8 269 12
9 6 244 11
249 5 275 6
73 1 212 11
236 9 265 12
266 9 284 11
203 11 283 11
244 12 274 12
21 8 21 8
54 2 175 5
280 12 283 12
97 5 132 5
280 1 284 6
38 9 238 11
194 11 248 12
21 2 194 4
273 11 285 11
218 8 267 12
252 2 285 11
200 12 274 12
232 2 254 11
12 6 146 12
75 2 232 8
32 4 111 10
151 1 172 2
188 9 244 11
52 4 156 9
52 8 230 12
242 10 284 11
241 5 275 8
273 2 282 4
215 8 282 11
88 11 285 12
190 12 257 12
208 6 245 12
106 5 143 9
27 12 172 12
93 3 224 4
137 11 182 12
78 9 152 10
88 3 156 6
273 7 283 11
184 12 241 12
37 3 140 7
28 4 155 11
130 4 176 4
257 1 275 3
17 1 190 5
54 8 101 11
220 2 251 2
154 8 280 9
102 9 175 12
74 7 121 7
69 4 198 6
285 11 285 11
152 4 191 6
205 11 270 12
113 5 185 5
4 7 242 11
9 7 58 7
106 9 210 10
228 3 272 5
253 11 280 12
82 12 172 12
123 4 273 5
104 9 227 11
115 6 231 7
133 1 154 2
127 11 158 12
199 9 254 12
247 6 277 9
142 8 200 12
163 7 221 8
264 9 270 12
218 9 277 10
242 7 274 8
215 7 229 12
155 1 212 6
161 5 276 6
158 7 223 9
75 7 136 11
216 5 230 5
38 1 190 11
1 8 116 11
38 6 80 9
235 7 274 9
83 8 90 8
279 10 279 11
271 10 274 10
262 11 267 11
1 10 22 12
123 8 237 12
158 3 201 8
280 3 284 8
189 2 189 5
159 5 256 7
22 6 163 8
22 3 154 6
20 12 217 12
162 5 255 7
259 7 259 11
217 5 273 5
133 1 182 12
217 6 222 7
2 10 79 10
271 2 272 7
69 5 83 7
90 7 265 9
24 6 106 9
226 4 277 5
219 2 278 2
105 5 134 8
61 6 126 12
11 7 228 7
243 1 258 12
233 9 264 9
74 1 88 9
123 2 244 4
88 2 273 12
112 7 259 10
205 2 223 9
164 10 197 11
52 6 260 9
138 11 228 11
129 3 136 11
240 8 254 9
26 5 127 7
60 5 272 7
215 7 275 8
211 7 242 12
54 12 129 12
74 7 167 12
98 9 172 11
95 3 269 10
77 12 139 12
276 12 283 12
201 10 252 11
34 11 259 12
142 9 186 10
45 8 270 12
92 8 155 11
271 10 271 10
75 3 208 12
67 7 274 11
81 12 176 12
121 4 133 11
187 5 224 8
8 8 76 11
224 10 229 12
88 7 166 11
31 5 101 8
256 10 269 10
277 5 285 6
128 7 140 12
175 1 185 8
166 6 284 7
202 1 211 11
195 12 206 12
31 5 106 11
89 9 266 9
196 11 250 11
80 12 110 12
135 1 194 10
191 1 251 3
126 8 212 12
98 5 141 12
190 1 232 2
200 2 204 8
205 1 229 7
217 12 234 12
137 4 179 10
227 7 240 12
217 3 273 4
38 9 125 9
123 8 273 11
230 6 266 10
262 9 268 11
59 9 270 11
78 10 216 12
261 8 266 9
54 1 224 9
92 9 231 10
185 5 223 9
223 7 252 8
32 5 76 8
102 3 177 11
105 6 196 11
121 12 239 12
153 3 227 9
195 3 229 10
227 4 238 9
101 11 197 12
226 7 242 8
172 9 279 12
258 4 263 9
134 1 263 1
204 1 246 3
237 2 271 10
121 8 275 10
60 3 218 5
16 10 55 10
124 9 192 10
182 6 203 10
128 4 197 11
224 5 252 5
231 4 233 6
86 12 122 12
187 12 237 12
218 2 248 5
45 4 97 4
55 10 279 10
227 6 281 10
79 4 259 4
266 6 282 8
221 2 253 6
144 4 159 10
282 12 285 12
244 8 256 12
152 9 284 11
285 12 285 12
209 7 283 9
246 4 272 5
108 9 231 10
70 4 205 10
199 10 200 11
173 10 234 11
209 4 228 12
253 11 274 11
146 5 176 9
271 9 284 12
203 11 229 12
120 6 232 10
190 10 277 11
268 8 275 12
270 4 283 4
38 2 179 8
244 12 245 12
235 5 248 11
157 12 219 12
81 5 114 5
192 9 273 12
155 12 259 12
191 2 270 8
14 3 104 12
54 12 215 12
66 1 283 10
64 11 234 12
202 5 228 9
263 3 263 7
67 4 282 5
62 1 161 3
172 9 276 10
191 4 241 7
33 2 261 6
64 7 192 11
93 4 280 6
209 7 267 12
49 6 92 11
136 11 190 12
197 1 255 9
3 6 118 11
272 7 285 7
24 4 179 9
264 5 266 12
133 8 185 8
87 7 97 8
255 8 269 8
188 7 278 7
146 9 202 10
103 1 280 4
137 12 219 12
33 3 218 9
200 10 258 12
31 4 168 4
209 6 253 8
26 10 282 10
110 8 242 12
257 2 273 6
176 1 202 9
57 9 218 9
