43 25 16
751 551 650 72 424 432 231 889 534 499 194 595 748 157 862 726 63 581 355 662 39 275 277 481 703
15 906 38 71 390 548 654 75 280 584 589 893 252 458 217 103 30 306 694 838 923 182 714 130 326
869 874 932 184 87 46 868 622 475 137 651 773 140 564 232 206 690 797 155 260 626 363 338 20 673
767 428 620 156 892 201 71 772 583 980 828 202 266 911 853 852 666 15 45 607 911 341 494 932 562
235 201 810 410 646 548 986 185 683 51 753 698 110 640 13 298 284 14 698 959 118 394 710 745 5
366 411 884 287 345 363 193 777 605 459 138 37 765 783 369 608 39 572 193 155 607 401 69 531 941
303 881 109 1 864 428 307 809 460 321 177 990 729 210 40 569 25 74 655 456 105 118 114 772 536
673 684 427 332 388 112 112 163 902 490 195 62 154 630 825 933 442 59 948 322 358 139 791 847 786
545 859 417 189 315 398 844 531 933 807 768 323 489 490 845 427 754 192 26 455 134 968 346 835 878
524 79 877 538 850 288 437 683 722 772 125 87 866 164 360 111 335 462 915 815 903 600 73 427 102
743 905 114 860 878 693 692 557 939 19 794 738 113 575 246 619 222 337 877 27 76 322 737 355 438
816 799 703 870 587 470 357 1000 332 928 413 939 298 129 428 443 809 550 644 128 189 142 517 490 428
750 973 775 753 231 95 718 180 829 675 45 19 929 406 180 262 180 299 992 756 107 303 588 67 780
987 62 999 779 582 879 776 706 635 13 25 745 37 297 810 336 191 476 150 832 653 300 633 149 671
628 983 786 641 926 675 277 695 702 12 91 250 440 365 224 628 296 657 254 552 375 544 414 618 730
159 339 643 298 741 472 127 881 939 789 941 921 88 403 739 272 312 815 535 387 858 78 342 332 675
891 768 831 899 688 977 99 549 142 500 578 450 70 937 804 117 657 742 551 107 75 915 73 114 11
595 758 930 386 291 723 219 534 699 953 961 432 849 364 320 115 620 797 642 333 508 288 275 566 879
156 891 16 878 365 57 841 548 339 847 916 707 917 410 647 623 411 530 936 531 796 389 213 606 906
923 550 105 135 420 284 978 547 226 239 421 498 756 591 528 820 295 647 381 400 455 358 705 492 509
127 445 420 267 620 455 438 579 588 822 377 49 388 211 354 42 801 10 297 597 943 6 212 457 569
762 144 8 805 874 570 544 435 796 522 977 151 1000 53 774 824 799 849 630 723 295 628 177 784 563
700 786 505 349 518 347 739 301 302 784 718 949 840 919 911 477 408 233 899 599 320 12 326 695 11
336 113 746 698 396 550 487 634 648 582 638 641 383 592 44 158 415 258 14 288 697 597 226 414 858
135 68 768 836 280 405 17 35 326 375 271 657 226 955 156 171 199 725 550 219 490 476 317 562 102
47 928 111 141 37 162 455 459 874 164 781 677 30 38 524 284 43 782 626 450 444 833 809 380 552
701 826 532 621 158 276 781 792 271 202 669 811 73 339 198 575 64 585 238 98 833 9 523 660 1
447 363 511 377 526 667 711 693 818 608 381 526 607 267 888 58 719 901 271 121 699 55 503 594 633
599 36 570 850 911 437 884 754 856 829 528 95 899 261 191 32 706 132 679 467 811 244 233 252 519
113 844 28 10 707 495 672 737 882 896 537 603 388 673 944 57 469 188 646 234 787 87 358 464 571
485 737 26 664 176 629 785 414 605 794 467 138 415 755 655 264 261 932 256 76 253 686 79 430 806
465 423 718 915 818 982 809 868 628 230 725 176 555 411 292 97 360 656 92 442 453 311 613 488 751
491 621 750 693 14 427 9 38 336 887 518 894 870 715 505 294 26 900 161 505 676 813 104 163 281
895 900 305 797 635 595 298 608 947 386 738 168 914 490 355 738 347 961 106 562 514 771 690 146 937
674 864 793 144 510 131 421 840 388 522 773 33 862 457 539 281 584 918 566 374 137 452 307 431 698
847 862 626 935 682 530 484 102 321 529 966 554 358 676 382 68 944 145 472 159 918 69 910 314 172
686 849 422 211 915 72 984 454 761 769 610 410 673 964 152 509 72 127 346 27 570 569 205 240 996
802 515 670 295 176 701 49 454 721 29 410 151 358 544 543 482 293 443 895 200 702 580 896 151 550
619 584 197 734 962 367 769 529 934 734 335 730 878 723 493 744 743 18 92 351 486 585 791 786 68
902 714 301 168 928 402 392 741 157 126 435 433 268 694 531 475 145 295 33 81 260 607 329 580 743
331 152 464 737 555 911 296 48 875 267 950 421 985 451 973 235 544 641 938 833 472 28 567 193 475
107 13 135 531 74 173 831 250 207 98 920 541 502 566 165 741 886 693 199 457 820 978 584 658 170
561 98 203 807 582 905 837 532 437 997 921 546 406 114 546 879 634 148 477 911 640 909 354 350 622
43 23 43 24
19 9 28 24
31 15 39 22
34 18 41 18
30 15 34 18
14 1 21 22
5 9 28 18
27 15 29 19
25 6 25 21
37 2 37 9
25 7 29 21
34 20 37 22
22 2 27 4
24 13 28 16
43 25 43 25
19 5 34 12
