14 91 100
980 518 951 849 781 948 666 741 38 542 210 190 900 730 143 972 832 240 367 740 511 565 822 564 763 632 177 956 920 989 759 498 558 532 314 213 903 466 792 448 331 913 257 112 286 374 166 800 638 5 755 480 964 508 971 170 490 279 415 237 469 367 77 745 563 660 196 594 431 722 451 999 54 631 844 254 524 213 27 615 933 82 558 563 751 988 546 673 539 53 408
814 167 639 12 417 754 730 313 121 374 923 687 172 235 341 587 585 410 46 772 231 412 819 366 664 856 493 200 765 227 370 427 957 268 669 188 91 854 311 198 842 289 853 462 848 846 822 994 647 25 215 320 904 453 487 755 314 542 905 935 67 72 745 833 726 578 467 566 900 60 636 600 162 817 77 582 226 371 475 928 548 332 368 456 121 757 324 809 465 24 833
156 477 482 396 668 92 179 75 568 441 796 773 132 533 473 395 878 299 631 54 318 216 29 481 78 626 230 833 896 303 379 194 981 761 705 112 489 316 414 715 438 927 731 50 172 393 687 544 641 568 851 658 121 901 655 116 684 706 113 334 690 314 712 35 790 398 25 358 457 574 105 174 867 601 29 726 11 352 94 154 297 16 984 959 535 925 940 947 122 723 372
757 450 594 573 620 38 679 208 636 672 834 38 452 857 389 863 914 254 632 74 953 341 324 282 691 459 684 407 522 578 893 327 692 538 412 619 754 306 45 198 97 760 982 688 647 840 808 170 755 468 756 542 219 516 345 117 388 208 896 225 278 823 324 537 686 202 30 533 364 609 687 62 401 713 195 197 104 45 123 666 840 83 486 988 485 246 818 53 364 471 106
315 811 701 291 935 792 590 757 184 329 948 389 188 827 972 572 598 800 122 757 97 884 538 11 765 495 314 346 164 951 524 433 697 390 878 775 210 367 34 271 47 556 120 622 734 632 766 5 299 988 1 943 754 646 686 386 635 403 794 605 612 985 696 576 94 728 833 243 444 117 569 176 865 312 772 891 317 664 698 310 806 91 17 635 229 105 439 220 552 233 233
825 460 541 75 60 790 992 99 675 991 399 707 820 564 802 708 326 967 221 583 596 701 841 276 667 423 883 667 615 706 579 77 500 750 916 474 737 724 75 758 857 614 767 467 357 421 1000 439 531 317 159 535 899 871 668 272 155 807 914 351 353 811 561 359 366 820 868 640 544 848 109 185 901 868 767 641 59 474 723 997 676 53 258 300 52 985 349 760 157 930 370
980 339 650 30 621 612 880 100 718 494 730 234 40 38 736 990 326 882 193 965 985 840 612 827 850 815 219 893 865 581 176 834 201 283 855 18 102 359 827 993 964 935 402 615 511 643 508 367 694 277 389 476 884 612 123 567 213 248 239 686 461 340 776 722 718 642 960 446 166 373 321 594 703 46 467 706 807 519 919 716 19 254 385 588 610 929 605 681 566 338 424
879 780 763 65 955 442 810 679 79 982 37 105 852 544 590 449 769 904 433 530 543 948 700 426 296 316 174 417 234 567 874 344 35 286 248 990 884 890 553 455 725 453 570 575 101 841 917 399 638 533 892 364 86 31 933 346 587 454 522 951 761 942 577 490 17 792 170 871 459 834 700 243 694 402 499 605 795 405 211 740 740 428 180 789 615 489 526 485 19 74 530
577 135 327 470 248 129 825 41 406 658 203 80 557 499 998 376 614 498 466 992 380 355 816 638 652 982 242 363 852 550 384 988 844 667 350 509 132 510 248 916 935 155 228 711 754 813 438 749 889 114 885 868 55 141 163 197 661 413 185 955 537 617 553 7 920 475 970 456 253 774 126 47 945 242 845 240 577 669 878 383 156 374 615 539 938 892 164 161 20 562 706
5 383 465 769 371 296 89 63 7 57 902 846 796 830 7 343 627 945 921 614 725 403 572 415 39 487 562 988 236 316 805 469 219 896 728 543 124 723 313 259 166 292 386 483 787 899 752 263 90 992 938 511 629 948 551 808 248 551 525 770 816 647 789 433 370 411 255 265 422 418 337 30 871 246 614 420 316 637 669 549 288 359 567 686 326 765 938 297 635 722 97
358 513 9 230 124 614 507 190 11 621 502 95 26 873 214 520 215 7 210 760 947 761 731 335 437 636 50 627 827 262 935 300 301 942 930 961 169 48 674 303 597 628 703 877 661 858 234 469 718 722 229 12 652 620 629 899 423 449 45 516 493 34 323 880 93 749 353 230 59 531 226 567 884 492 297 187 954 827 61 401 444 713 752 822 210 485 450 755 99 434 111
496 505 201 318 570 671 896 770 246 181 740 465 989 336 249 306 857 608 717 394 225 184 34 549 662 668 671 757 189 389 17 45 679 398 110 7 612 151 193 606 979 91 489 98 686 825 17 947 403 358 283 354 457 881 197 610 10 970 629 819 483 624 597 655 889 498 203 728 519 829 79 851 209 36 288 904 218 686 341 325 641 545 217 213 112 740 77 898 520 610 634
401 369 720 14 579 395 627 269 930 95 415 656 947 818 730 162 644 164 21 789 380 540 966 532 370 847 604 72 365 445 530 725 802 731 607 272 359 897 73 947 270 699 536 969 920 346 379 710 230 953 258 795 83 339 950 180 579 353 567 510 207 307 268 888 149 562 913 508 759 763 793 475 968 763 471 542 763 782 955 417 137 942 957 752 885 905 701 933 426 995 843
303 374 825 361 502 934 165 889 211 338 509 884 690 408 558 149 156 72 615 721 224 71 744 861 361 409 341 884 509 58 705 886 860 327 84 990 22 806 611 598 693 271 543 289 283 994 211 390 882 926 133 1 337 884 813 205 225 399 850 461 946 160 121 756 237 49 959 882 919 609 438 339 804 421 140 760 295 248 972 400 366 27 967 213 290 736 263 272 688 918 843
11 21 11 90
11 51 12 83
7 80 12 87
5 83 11 89
1 80 3 88
8 33 8 85
2 24 8 89
3 86 12 87
13 15 14 74
3 58 4 68
4 18 7 71
9 10 11 23
7 24 13 76
3 46 7 86
7 58 10 86
1 32 5 54
3 46 11 73
11 86 13 90
7 49 13 68
5 63 11 88
7 7 8 77
4 32 13 54
7 74 8 82
1 6 2 30
4 30 9 51
9 64 9 76
2 76 3 79
1 80 7 85
8 70 10 76
5 61 5 87
3 25 12 88
3 79 9 83
10 61 14 63
1 31 10 48
11 41 12 56
6 71 7 71
12 37 13 80
11 86 12 90
9 83 10 91
3 23 14 56
13 35 14 72
7 10 14 73
6 60 10 85
4 54 6 85
1 62 8 88
5 17 7 21
3 51 12 85
3 70 8 83
6 26 14 67
10 4 13 15
10 31 14 45
7 13 9 80
8 10 9 23
13 88 13 89
10 77 12 88
6 58 12 82
9 46 12 64
10 6 11 74
3 79 6 82
14 47 14 83
3 54 13 71
5 62 14 82
1 19 3 88
7 52 10 87
2 12 2 59
12 37 13 38
3 31 7 70
9 6 12 40
8 14 8 40
13 6 14 67
13 24 13 30
5 82 11 87
12 9 12 69
9 25 10 82
5 1 6 26
14 60 14 87
7 81 14 91
9 3 11 59
12 29 14 63
5 80 8 84
11 26 13 31
6 71 14 76
3 88 13 91
11 10 12 54
7 27 13 29
2 59 4 77
5 21 8 89
8 27 11 75
10 82 13 90
7 5 8 56
5 7 11 50
10 83 14 83
1 66 7 67
9 43 14 90
13 40 13 47
14 32 14 47
5 10 14 45
12 61 13 67
14 16 14 67
3 18 12 58
