88 12 28
860 910 5 129 606 980 258 498 40 937 672 704
819 756 918 24 330 759 287 944 430 101 498 86
417 103 968 147 832 961 76 70 431 458 576 372
454 847 522 37 145 722 759 600 335 780 295 102
764 638 621 414 758 450 379 8 807 945 588 632
568 638 32 514 840 384 286 648 68 168 311 428
55 984 498 432 598 942 538 381 958 286 515 425
202 826 180 704 664 408 452 791 995 436 802 998
552 120 336 760 111 104 60 233 295 332 44 24
367 556 911 498 503 661 398 413 18 89 486 730
493 979 990 331 230 291 317 24 939 118 546 657
156 570 863 380 401 118 907 104 736 47 515 974
994 706 928 245 607 590 539 303 695 888 878 676
746 15 630 811 45 840 140 62 732 758 34 829
249 492 298 3 746 540 416 939 925 465 903 974
700 809 929 101 15 282 510 796 114 3 163 146
600 6 779 362 622 916 922 484 632 710 723 594
240 695 18 113 830 454 416 852 772 264 532 297
252 664 716 271 982 202 211 489 290 80 838 737
413 367 976 360 93 686 828 494 979 794 695 32
675 276 261 586 718 653 697 852 211 565 731 616
312 315 692 320 271 21 946 548 289 787 57 997
1000 805 492 511 1 79 659 523 499 490 593 846
776 260 687 54 907 481 417 853 868 268 148 747
937 271 762 966 86 727 1 128 877 968 177 335
229 337 93 437 305 732 835 28 701 599 366 305
18 50 730 329 948 920 995 357 936 999 10 861
583 389 434 589 985 908 515 489 332 741 524 623
204 79 832 258 185 315 137 168 592 486 442 792
372 27 26 316 438 596 760 931 53 650 834 489
146 738 159 525 838 931 447 154 803 670 264 653
532 336 131 651 999 255 110 708 716 451 159 726
651 415 963 90 62 338 846 620 828 763 875 465
493 357 205 808 849 573 296 830 580 268 648 749
135 10 296 833 795 624 442 224 583 769 228 98
513 752 844 127 470 529 887 506 868 861 111 795
122 903 491 665 874 50 839 235 877 771 35 36
405 257 300 836 68 168 859 448 949 441 744 421
62 134 473 959 226 517 829 733 573 192 964 301
89 847 651 697 786 353 557 371 302 308 39 78
25 818 137 498 96 226 70 343 976 782 808 447
626 715 995 875 717 4 793 406 704 205 14 834
63 48 255 395 438 187 595 310 976 360 847 854
664 476 265 581 42 588 57 355 287 502 94 590
276 807 670 684 921 445 277 989 751 558 908 741
450 222 535 341 814 867 69 6 393 630 257 332
880 633 727 521 196 165 589 86 69 86 815 632
842 319 897 942 191 173 144 941 394 370 310 275
821 81 200 211 352 975 270 220 477 274 253 186
972 71 294 392 155 717 128 549 892 903 381 954
725 200 168 493 726 178 755 621 930 914 244 626
488 665 888 462 17 692 849 189 972 752 1 583
224 582 599 796 487 751 470 49 648 650 725 187
546 996 837 638 247 185 344 692 419 2 369 278
962 705 597 412 655 241 356 255 236 436 966 304
961 292 580 560 418 161 325 673 74 439 662 945
812 616 558 769 489 957 210 561 375 820 800 479
189 661 984 261 317 28 619 332 739 481 491 919
103 185 707 286 391 98 719 368 620 75 896 18
59 941 957 790 508 541 566 700 314 63 867 677
899 468 758 477 759 695 281 694 91 415 564 111
424 503 389 45 888 68 604 536 60 836 271 194
622 920 664 270 452 509 968 40 109 845 805 931
142 888 522 880 40 467 510 311 179 334 686 778
566 483 690 739 787 267 240 171 74 367 609 711
65 412 107 819 416 95 54 994 120 986 712 440
86 809 301 694 229 883 269 636 110 584 712 998
949 123 946 947 640 707 13 572 270 121 91 145
515 119 582 827 205 537 967 95 292 944 303 536
447 766 684 807 495 252 808 519 969 337 273 497
99 479 178 375 694 761 82 788 478 152 409 465
613 612 955 364 356 840 213 651 992 887 869 699
483 480 977 480 526 906 974 706 56 498 939 808
587 314 231 386 136 381 898 75 939 954 93 852
566 611 29 716 547 645 906 298 139 116 615 413
357 167 984 785 30 658 761 175 183 965 550 920
728 813 420 463 76 375 977 793 998 445 270 837
800 401 17 764 597 854 291 839 305 322 983 938
773 989 83 91 310 678 39 441 790 391 254 835
389 410 73 839 979 787 443 373 182 186 823 286
78 482 787 150 616 211 211 274 858 960 912 428
249 43 60 54 294 367 752 803 140 213 658 98
783 772 765 8 852 668 837 186 155 368 372 745
485 339 527 974 501 37 668 512 845 356 966 136
44 917 737 650 159 706 6 427 589 899 135 71
933 357 219 270 273 211 343 413 857 147 730 707
645 489 280 568 869 959 975 822 315 7 170 829
767 981 827 973 687 969 347 107 994 73 777 431
45 1 80 12
42 7 47 8
26 6 59 8
55 10 65 12
66 7 67 11
84 12 88 12
82 4 85 10
70 8 74 10
53 5 77 5
15 8 36 11
6 3 59 7
72 5 80 12
43 8 69 11
69 3 74 10
38 12 40 12
22 12 65 12
18 12 20 12
37 11 49 12
5 9 17 11
57 9 62 9
49 4 70 6
8 4 87 4
46 11 50 12
61 11 69 11
34 2 66 9
13 3 61 8
80 8 88 10
16 7 71 9
