55 49 3
616 389 997 866 520 973 232 328 479 336 216 630 489 445 223 480 588 749 562 405 82 112 921 677 30 976 417 670 458 463 810 255 547 55 914 163 692 432 106 50 642 33 950 406 149 902 411 319 439
424 812 546 574 640 686 310 270 918 933 726 986 886 240 788 220 733 571 408 735 118 610 80 96 233 452 352 312 744 525 467 534 693 640 179 761 720 338 981 240 335 202 731 789 354 602 919 565 22
424 641 930 796 691 659 898 237 626 833 350 969 633 568 598 213 867 872 143 943 565 93 432 368 60 362 227 12 458 336 757 398 291 846 166 970 42 688 895 675 382 872 541 344 71 325 446 818 974
198 695 590 360 659 502 574 667 298 962 503 227 22 975 380 5 640 731 339 280 192 539 246 342 396 927 420 682 542 875 821 871 551 777 206 322 898 218 788 349 591 937 104 551 415 413 960 313 211
349 501 379 44 965 700 808 738 409 800 310 396 790 558 926 210 302 432 217 79 659 234 684 294 601 124 914 818 536 269 22 506 475 911 347 933 306 75 966 393 103 659 548 977 593 190 237 650 149
84 779 616 657 885 837 339 389 542 511 54 590 507 402 669 830 79 158 584 269 181 357 10 943 504 724 67 813 746 158 107 831 481 770 411 499 72 149 661 446 900 367 370 361 111 833 732 194 27
936 227 953 336 583 652 533 196 149 172 995 427 70 393 407 25 281 452 866 347 972 573 611 442 701 601 183 178 707 551 448 994 381 316 924 352 268 291 250 212 607 804 828 147 412 956 646 30 291
656 35 591 759 395 637 511 550 573 197 142 574 995 857 388 452 504 532 770 275 562 596 167 102 16 533 335 946 195 449 799 472 961 323 375 397 326 674 184 632 759 862 689 544 385 617 993 297 854
484 344 165 762 798 576 849 181 494 984 293 24 505 958 245 677 785 572 797 574 993 169 468 189 709 940 936 183 643 419 434 318 667 779 908 102 667 874 514 26 143 945 695 688 211 31 82 74 156
214 731 730 966 942 746 609 355 866 178 928 607 809 183 449 218 714 847 209 693 679 715 913 95 476 50 819 839 268 68 232 54 606 915 393 293 144 945 881 757 963 952 428 231 794 342 374 843 958
907 875 404 313 756 372 529 44 179 758 946 730 702 133 419 682 350 47 478 218 198 648 726 176 602 196 825 694 126 17 393 977 62 58 964 562 628 885 825 365 356 113 42 611 954 5 216 622 908
190 559 302 411 237 681 71 774 138 76 974 337 561 682 625 42 136 28 702 247 915 445 710 78 574 503 822 571 920 375 705 168 703 84 371 634 817 661 258 322 494 93 948 804 175 557 135 295 404
843 757 950 188 68 448 92 978 740 820 632 635 994 424 503 482 338 629 676 808 581 65 454 25 692 733 59 980 226 350 204 827 603 19 237 229 974 844 667 618 610 682 354 690 779 844 418 314 822
149 976 535 744 457 135 450 937 453 268 270 819 212 543 42 47 817 763 143 677 108 123 813 83 442 148 750 743 216 135 996 980 768 719 138 597 214 730 140 931 693 413 980 218 493 192 606 318 529
584 643 810 694 601 716 156 663 924 201 155 831 434 722 175 223 203 726 741 350 910 47 859 204 721 409 126 783 99 499 59 850 648 338 258 847 87 381 20 270 648 996 730 137 733 697 920 547 462
790 191 788 799 902 270 853 347 186 386 727 490 877 769 313 539 263 541 397 691 74 472 628 144 747 81 96 432 24 353 712 128 854 882 282 373 649 625 835 302 493 553 505 334 67 407 48 470 659
451 814 168 836 583 872 156 71 414 793 496 821 964 513 556 385 431 590 109 131 84 119 634 532 718 575 52 825 239 805 526 8 929 500 692 302 610 483 647 186 471 300 292 603 574 720 185 952 141
895 884 37 545 158 863 246 576 649 479 830 948 218 157 316 208 341 883 756 166 121 359 753 730 784 677 906 563 461 161 628 267 483 129 78 936 839 655 289 750 939 78 443 981 321 922 641 190 499
78 451 628 704 618 974 850 868 336 162 345 866 205 654 517 659 222 439 752 690 757 247 358 632 401 700 151 315 482 881 81 469 861 171 808 733 386 934 368 240 365 826 98 963 728 341 817 926 140
456 850 332 176 102 842 632 801 568 495 587 841 800 276 366 829 43 867 874 574 196 644 516 113 751 742 814 201 229 316 405 361 561 484 184 612 961 29 545 392 444 372 972 844 315 494 483 624 601
476 789 590 649 57 349 265 817 163 907 776 494 646 506 9 470 598 418 135 16 462 910 264 907 816 274 914 27 158 81 205 101 236 211 148 597 454 788 181 802 695 802 149 606 431 854 257 619 366
161 119 772 966 689 943 719 141 31 49 1 33 442 371 80 341 274 326 110 843 890 480 512 844 19 681 235 47 462 975 854 980 952 419 509 469 1000 103 73 790 529 67 802 106 163 536 178 491 97
868 612 341 581 882 156 266 180 767 411 626 151 627 369 693 443 806 10 77 103 530 100 440 75 93 774 722 709 754 192 63 605 740 733 371 763 290 972 998 402 450 926 322 225 427 895 104 355 646
524 390 635 329 613 355 506 308 574 968 204 995 396 519 615 938 399 106 680 130 101 931 935 297 995 814 393 730 138 706 681 827 989 78 96 393 114 987 960 939 954 306 485 665 100 74 161 542 176
168 522 937 715 539 60 506 166 66 942 688 468 668 142 947 500 702 583 108 40 828 893 504 792 456 397 385 468 613 75 22 868 572 290 190 395 860 225 287 469 340 163 146 857 879 889 737 31 780
778 319 269 514 344 303 375 532 339 13 577 854 816 792 361 923 904 403 752 717 438 468 830 446 15 794 67 240 457 747 402 116 180 542 866 179 451 164 933 424 67 919 735 762 549 21 715 864 564
457 305 202 910 373 728 262 59 562 91 198 972 276 501 365 592 422 87 52 220 434 418 431 737 508 40 217 472 680 514 768 361 193 610 398 944 933 98 482 623 276 837 542 602 548 754 858 858 451
629 316 540 221 538 147 206 998 197 925 398 857 453 691 137 241 633 362 81 59 492 632 229 550 71 440 263 149 840 671 845 923 134 207 448 892 41 596 577 440 579 588 584 306 191 561 594 116 374
347 487 256 483 327 262 943 603 729 570 705 668 947 681 154 932 368 649 810 243 610 1000 996 542 316 808 256 440 629 656 546 748 285 596 497 328 779 897 350 725 457 47 811 591 469 238 935 51 448
282 333 813 469 718 462 988 290 700 464 313 164 79 66 707 510 4 333 867 555 269 659 903 671 574 215 879 478 872 251 464 961 933 53 806 781 364 42 178 683 319 524 914 399 311 850 620 737 608
271 688 587 897 648 709 458 98 243 436 749 401 240 589 383 907 291 941 617 511 371 796 819 985 421 191 728 603 802 892 292 996 382 528 432 358 131 17 234 581 489 772 906 346 404 41 506 740 839
140 897 469 795 264 592 355 334 22 151 369 890 848 584 94 177 936 778 207 361 437 287 208 736 222 999 417 73 634 41 967 954 305 17 331 888 301 129 755 698 566 971 794 733 854 841 54 721 175
205 151 681 3 562 839 143 416 322 244 116 630 472 141 603 349 742 276 233 743 706 758 503 853 741 699 439 695 77 393 4 382 193 474 418 115 706 717 673 998 486 363 902 243 155 97 951 485 333
111 441 600 912 10 854 632 460 648 694 198 329 392 555 976 381 706 37 723 357 415 773 594 738 457 515 385 675 467 110 752 933 70 429 372 66 316 775 466 19 311 93 113 128 730 316 312 76 550
538 770 679 47 306 39 536 833 211 672 444 452 129 799 201 866 944 616 881 962 265 73 897 69 732 236 232 381 752 592 9 52 107 878 160 719 735 836 368 164 135 674 556 833 238 919 197 985 335
753 377 298 602 925 105 881 44 782 598 752 230 18 349 23 14 284 647 232 545 884 821 472 278 413 890 243 338 327 511 233 581 136 48 567 904 91 390 391 885 19 614 77 628 206 957 717 763 35
636 40 933 446 907 362 695 115 462 676 752 699 652 538 562 364 280 982 927 330 672 288 870 136 572 58 205 834 899 746 493 421 814 448 731 365 631 510 961 216 24 263 209 948 682 995 585 840 9
59 126 439 746 916 963 373 402 754 723 557 200 261 625 665 849 74 594 538 815 395 885 604 925 281 93 257 94 163 161 591 642 189 961 845 226 137 310 395 644 728 813 160 858 370 761 861 429 547
423 635 164 288 473 129 204 424 935 365 951 616 22 327 221 477 447 452 744 441 330 921 677 433 591 967 97 809 835 166 550 461 52 67 596 485 140 348 950 316 156 96 270 738 404 759 835 812 967
732 391 301 47 597 197 858 530 498 881 873 515 232 62 583 175 206 803 794 169 526 899 281 58 143 650 772 567 156 287 200 324 76 418 791 684 124 944 417 573 377 671 579 847 901 452 307 528 856
81 268 427 892 289 360 70 99 165 119 569 164 12 346 44 381 183 441 491 631 683 90 508 485 432 95 157 140 890 353 321 973 396 193 325 136 965 572 242 738 488 882 291 867 237 477 938 902 342
351 841 305 425 818 581 374 895 413 201 227 516 725 915 632 708 320 27 159 727 437 983 550 282 670 714 103 398 425 903 342 301 548 559 264 908 141 366 919 62 267 563 198 978 915 755 249 542 354
918 77 935 740 60 524 831 639 440 22 806 956 977 198 907 597 514 685 328 92 881 227 968 312 308 525 229 358 552 52 805 689 310 470 361 546 838 174 923 794 467 905 561 347 650 357 399 464 454
177 311 337 962 794 690 542 874 63 558 133 711 798 866 389 409 886 291 471 773 830 985 539 215 226 717 218 413 937 602 624 94 410 140 568 873 912 603 965 230 232 888 918 13 742 868 430 522 587
880 193 159 162 469 467 799 965 699 609 569 388 373 422 451 991 241 143 181 329 889 526 270 461 310 197 545 860 306 178 524 553 752 223 114 968 479 417 554 169 966 309 286 830 300 683 432 587 900
979 870 150 299 278 464 872 879 710 882 319 845 132 565 733 852 920 830 205 663 765 810 771 924 437 903 652 642 573 673 304 247 694 712 2 159 809 756 223 647 161 516 192 392 903 35 547 552 757
63 267 341 975 916 648 95 268 485 357 533 707 622 312 483 996 884 433 630 911 717 90 959 168 539 431 417 452 776 633 998 839 877 525 892 398 512 939 533 316 631 652 424 515 879 719 353 328 834
578 216 501 941 313 992 471 570 87 526 577 541 852 720 669 636 100 384 315 57 604 483 660 528 798 780 846 780 701 881 756 403 58 524 802 695 679 540 383 938 781 278 644 710 538 478 163 249 906
464 240 603 242 302 525 257 203 25 831 236 874 340 114 190 144 271 757 820 862 61 498 115 418 264 578 249 997 367 920 661 920 485 466 816 152 619 108 347 266 742 994 823 923 486 394 173 158 543
706 878 613 963 640 391 163 418 93 922 260 170 735 598 725 895 863 255 644 756 663 583 472 114 613 110 476 29 387 576 136 307 309 555 197 146 70 810 658 599 181 756 84 960 369 560 287 866 923
894 608 388 823 62 736 626 326 256 231 368 576 984 731 165 718 305 80 788 940 347 492 403 844 748 202 953 561 62 985 185 63 894 325 459 185 496 1000 7 998 839 332 562 277 717 373 367 1 255
872 392 998 340 920 240 83 831 825 609 301 132 901 378 170 634 529 349 136 770 77 427 825 949 993 560 30 443 675 66 813 353 511 69 541 173 834 654 133 83 391 986 341 47 344 103 397 979 722
289 932 747 742 947 698 521 377 681 240 49 88 830 319 762 703 83 616 201 982 894 943 193 569 344 965 333 636 779 216 808 736 22 28 323 83 209 813 921 721 336 73 761 815 399 370 519 611 638
482 937 438 735 920 168 507 993 1 5 145 468 711 785 550 722 658 733 91 388 531 789 711 12 591 505 960 695 920 425 793 920 304 478 321 548 906 297 334 400 95 59 567 15 127 388 349 160 663
107 506 385 486 119 108 493 149 534 940 79 706 203 392 386 118 189 768 626 420 365 914 539 222 217 453 427 670 182 840 115 569 276 913 273 950 598 624 344 34 289 142 861 164 888 571 304 24 631
9 37 15 38
47 25 51 48
1 25 31 33
