99 86 749
79 700 344 296 556 657 65 609 191 806 149 323 460 574 211 482 519 253 406 775 214 569 408 349 756 546 312 805 424 166 46 965 676 816 36 243 485 803 967 46 789 278 658 412 471 746 263 230 382 994 255 782 541 628 866 988 784 658 7 738 825 473 949 882 908 373 454 999 955 284 384 844 398 651 276 473 708 570 760 372 929 101 242 596 435 376
718 818 500 525 182 412 221 695 607 160 768 412 138 960 973 339 714 940 744 28 49 732 877 623 565 254 428 592 613 246 900 465 72 979 180 262 208 18 307 742 499 627 912 883 977 467 353 1000 528 492 405 752 497 542 617 873 917 13 325 835 615 93 652 802 501 491 745 198 362 297 905 901 548 586 259 591 68 643 88 72 718 251 971 426 43 286
445 720 134 9 969 620 471 793 617 647 310 739 54 21 377 564 24 3 954 374 830 390 824 478 975 360 883 176 449 165 680 530 942 281 567 506 580 479 624 506 685 967 54 225 425 153 239 981 174 840 272 163 847 634 338 169 495 144 972 307 919 109 896 415 189 936 805 601 467 261 221 362 708 40 300 552 429 389 233 84 932 827 739 21 77 869
991 705 937 910 177 874 445 178 848 311 461 116 128 404 502 947 844 169 755 305 649 675 912 777 241 552 754 918 854 211 423 783 315 704 773 328 75 678 228 83 783 717 162 340 212 473 834 727 499 376 609 464 1000 390 282 757 294 239 38 774 208 753 775 397 100 500 285 473 14 696 19 586 713 407 12 511 83 490 863 320 850 287 521 840 66 77
44 538 366 443 438 171 562 224 99 519 756 482 443 311 764 959 768 6 335 835 489 449 320 194 460 543 707 520 207 973 142 695 576 739 420 430 427 673 178 819 784 432 923 676 25 422 401 666 539 978 206 776 517 688 512 560 431 133 756 722 105 477 121 24 163 266 713 214 113 543 396 654 238 847 333 588 1000 977 450 552 664 464 165 234 400 510
958 233 247 822 551 528 871 137 760 160 284 450 336 575 298 907 463 321 731 93 918 287 150 969 280 507 147 11 8 586 18 240 622 205 1 653 742 774 130 271 199 254 139 431 17 337 794 170 615 694 491 571 170 741 946 686 742 444 329 260 406 985 258 783 343 747 640 554 568 960 482 323 723 511 431 788 166 892 988 686 402 987 47 443 756 408
676 443 63 418 788 701 83 4 707 414 280 590 425 160 586 959 746 719 785 427 403 429 175 973 652 662 271 56 825 583 372 70 818 556 984 992 500 689 235 543 591 821 621 356 657 881 661 983 467 974 266 286 117 717 964 681 10 336 391 958 992 770 858 921 669 571 158 857 243 695 207 971 958 389 540 237 645 228 196 792 663 36 997 905 983 861
781 755 48 382 736 755 551 138 555 901 221 742 785 700 259 821 410 531 124 749 392 928 923 381 624 156 829 896 521 621 549 545 247 102 81 580 414 568 688 868 919 289 282 759 506 322 159 556 501 986 355 560 179 806 724 11 140 570 184 435 114 538 528 814 657 568 564 728 240 888 363 138 379 534 859 723 546 6 77 785 799 520 811 551 243 360
697 350 683 209 177 533 48 23 79 208 524 963 155 812 575 124 155 317 447 345 780 376 105 134 81 47 961 888 729 816 228 875 877 516 177 149 233 414 110 442 345 143 381 333 31 415 395 417 360 412 80 26 569 577 999 57 832 46 908 812 866 346 279 359 906 80 16 821 757 253 367 161 227 549 827 491 451 386 629 688 334 766 289 66 575 31
550 213 486 408 991 634 183 826 500 725 501 891 793 730 387 28 183 781 426 751 824 785 566 755 732 950 87 1000 999 973 346 266 730 495 853 689 419 217 790 670 654 221 176 145 293 409 489 625 487 639 717 603 245 125 487 894 515 858 126 214 161 362 256 859 555 867 807 637 931 86 128 316 123 114 210 705 724 637 911 182 288 547 484 873 674 257
597 939 226 521 556 431 113 291 380 916 718 236 941 699 717 839 411 760 104 616 865 677 203 901 988 703 442 784 505 874 451 288 113 448 881 550 417 292 186 849 621 797 491 567 473 777 593 786 313 353 71 67 860 226 494 101 785 902 669 344 980 352 973 459 900 321 837 372 286 5 570 994 85 97 860 252 405 243 421 855 906 833 475 367 89 651
988 522 605 309 818 422 815 618 239 171 536 960 624 778 115 540 419 636 707 870 917 729 933 191 786 739 852 624 697 651 588 705 944 38 735 622 386 166 155 928 648 260 625 691 29 734 330 76 216 980 130 108 505 350 95 950 915 297 838 368 257 230 758 166 970 576 452 310 284 661 166 124 49 518 359 424 416 436 175 695 380 106 824 469 107 500
691 844 853 199 264 720 262 759 835 658 762 830 269 463 852 181 64 511 38 471 332 567 312 611 306 332 129 810 471 254 986 960 429 196 884 831 185 387 115 679 607 724 87 223 438 899 127 675 404 997 504 401 605 197 234 79 637 967 587 692 583 634 582 532 338 590 202 442 497 415 466 889 385 145 17 113 703 514 359 512 605 469 429 623 19 469
768 555 431 75 148 489 382 130 149 905 425 379 838 543 373 734 418 684 224 513 420 264 296 883 780 479 736 436 935 6 755 283 896 706 651 320 85 665 927 336 647 771 581 445 831 555 959 946 981 929 391 52 688 549 194 116 614 16 548 905 584 751 153 200 581 455 549 504 408 248 486 901 886 194 737 206 649 714 305 363 775 494 84 689 729 920
615 957 354 717 757 518 920 413 773 608 588 539 514 760 978 913 166 754 915 231 273 875 866 213 556 299 983 933 407 374 196 614 773 140 267 67 573 939 274 175 706 134 572 311 164 998 865 324 787 584 666 796 678 970 80 607 393 611 559 417 581 654 979 617 874 988 170 439 485 479 807 375 141 309 398 803 695 606 961 718 7 563 843 781 450 73
90 460 717 486 679 909 422 492 935 376 374 270 442 336 294 991 810 278 179 488 729 21 472 392 836 743 699 329 66 423 259 836 316 245 591 484 445 602 55 340 875 760 472 297 290 884 391 994 251 102 891 9 846 511 873 781 851 544 580 209 261 923 354 243 473 493 426 827 843 594 888 459 803 276 866 283 270 576 294 61 574 292 639 612 736 158
389 262 520 100 81 699 301 312 218 117 495 193 423 939 939 821 829 491 393 523 756 939 48 262 427 456 744 43 633 101 415 244 962 86 117 813 478 192 902 573 474 879 705 441 257 234 344 238 755 280 734 912 87 331 421 397 155 11 550 77 748 263 509 754 586 207 538 341 266 953 759 5 47 559 242 339 18 161 908 249 235 942 309 622 57 983
580 531 64 265 146 664 587 29 83 931 147 486 412 690 782 350 939 845 567 49 727 146 400 489 679 386 496 190 231 818 868 225 632 53 493 844 855 900 795 892 721 81 520 128 459 545 89 328 526 132 29 619 195 676 138 849 110 244 648 901 731 104 721 799 359 184 317 100 213 230 618 569 853 630 913 388 104 861 94 139 509 829 697 672 261 947
697 524 506 657 146 940 892 246 72 711 242 220 981 988 271 221 725 921 338 429 461 510 335 700 927 317 925 190 266 752 544 82 211 492 732 132 518 230 632 123 134 332 722 26 780 206 136 588 262 111 288 311 75 925 811 317 568 910 250 376 264 804 341 458 671 710 168 527 328 74 946 946 622 754 720 779 390 576 775 470 174 26 150 893 529 702
228 494 722 953 41 327 712 685 552 104 363 658 912 985 399 726 381 720 761 387 402 958 654 676 63 949 761 938 36 637 813 236 924 132 943 197 827 876 32 917 848 352 557 128 233 111 284 214 782 951 532 818 198 594 612 727 74 831 497 420 299 150 721 202 745 86 14 88 254 120 203 702 97 736 445 265 278 404 981 406 271 612 174 910 63 756
783 726 637 666 92 511 366 744 700 745 147 250 571 993 469 38 166 178 37 140 333 857 22 941 910 338 484 353 937 153 2 299 698 829 129 23 803 131 813 239 943 933 567 895 976 678 771 359 488 927 195 201 71 873 475 300 124 781 55 964 81 269 828 854 681 983 525 16 999 746 699 22 735 447 23 258 450 35 496 679 260 736 68 953 753 254
137 750 785 65 354 87 128 65 183 73 883 816 694 78 979 284 138 349 45 531 981 376 442 60 160 828 261 602 537 733 644 956 698 673 882 145 472 176 362 535 808 124 564 763 948 984 26 299 137 901 373 186 465 175 258 82 851 494 365 996 543 324 377 235 997 252 201 930 453 713 580 209 50 427 623 456 842 127 730 385 666 591 845 618 413 805
938 237 873 84 194 369 14 359 387 190 221 397 544 850 783 664 96 763 639 657 383 352 216 41 546 844 995 623 557 935 291 229 379 198 633 848 28 909 31 968 602 553 366 927 198 674 125 197 986 863 697 980 621 624 499 177 606 599 268 789 168 90 954 58 714 154 786 241 963 552 255 678 379 729 932 999 658 590 301 638 595 275 9 548 853 289
254 927 790 358 335 32 748 81 753 639 937 34 627 548 317 243 600 564 695 85 886 794 591 518 532 690 284 211 538 243 864 593 975 897 32 31 827 251 872 395 899 393 778 986 727 748 286 439 155 646 582 491 860 440 63 684 920 886 434 938 191 671 488 645 137 433 886 397 492 352 961 705 69 398 829 107 834 632 854 873 354 538 821 110 609 200
4 445 184 311 693 625 838 402 647 304 492 395 341 13 767 560 881 816 270 230 921 415 5 174 949 560 404 351 874 436 711 897 926 354 648 554 482 450 574 465 627 307 620 180 882 384 611 968 788 861 950 50 751 83 5 145 848 57 956 840 78 589 525 599 899 487 471 929 741 947 242 94 613 658 721 999 806 377 583 349 218 750 355 936 755 912
944 987 839 973 24 802 80 849 393 545 765 8 139 929 935 615 194 714 469 257 670 400 782 884 172 206 437 861 140 475 236 58 171 924 123 722 165 729 526 450 96 332 611 998 193 943 298 767 309 193 775 789 309 43 670 741 376 83 32 991 232 600 739 16 414 335 976 540 895 704 1 620 555 337 486 520 222 217 344 631 263 328 104 854 998 722
576 889 529 117 758 551 938 672 679 839 173 374 152 739 366 552 217 867 787 407 375 944 93 64 607 706 42 591 556 352 410 643 176 790 382 844 633 11 307 822 214 622 361 831 544 214 288 241 451 525 111 785 413 514 436 328 650 365 707 123 541 115 585 947 270 96 433 257 279 598 737 535 373 225 195 256 88 208 100 527 231 539 597 287 360 175
384 95 313 701 417 976 812 797 220 482 602 558 503 108 522 242 839 487 432 255 339 326 922 315 397 859 281 509 776 741 318 641 556 654 213 639 688 606 744 998 222 832 919 195 569 467 232 769 547 636 539 289 295 463 793 741 597 524 702 977 589 662 700 715 289 713 497 280 918 616 871 656 503 589 289 706 839 527 421 353 477 551 588 354 42 700
713 814 869 47 416 967 594 183 453 864 128 853 843 509 144 750 661 679 32 875 659 140 86 657 588 209 536 8 352 657 934 803 871 740 304 844 852 778 422 237 523 37 561 250 708 846 67 138 558 824 128 121 673 805 221 712 309 539 786 820 852 555 834 637 781 613 338 116 884 23 474 988 581 738 1 629 833 547 314 784 254 839 10 88 734 439
126 585 87 729 552 927 983 793 511 783 699 677 422 3 21 915 883 510 986 347 24 478 991 960 955 313 230 837 596 144 317 620 736 14 445 795 783 732 397 970 280 408 275 830 951 981 846 813 714 720 9 691 854 511 989 122 272 965 532 940 547 786 533 433 359 638 269 80 661 689 620 277 893 383 460 382 431 512 702 8 419 555 302 865 99 382
920 618 772 834 806 154 572 416 942 385 266 303 407 200 464 138 435 468 679 652 666 72 905 943 631 767 540 408 617 305 732 640 662 679 458 365 581 509 966 364 617 573 511 616 507 239 675 395 504 89 942 846 170 317 625 658 565 616 665 802 776 106 334 948 630 537 340 96 798 440 417 164 457 92 16 752 119 199 340 85 245 957 594 157 775 726
974 472 761 888 632 328 889 597 573 543 777 26 209 652 597 421 49 78 752 708 896 510 35 690 683 731 960 887 54 453 714 860 642 287 494 509 979 820 830 159 942 944 845 434 644 984 343 848 721 871 993 766 42 618 885 884 962 592 207 668 384 644 807 235 44 985 991 37 656 786 947 301 744 920 867 609 289 868 915 175 574 831 939 360 948 286
982 704 584 748 428 291 684 307 873 587 997 582 619 955 970 94 41 975 326 698 915 307 362 645 233 296 831 52 930 747 789 19 417 274 459 438 827 430 733 544 380 377 640 627 330 208 798 897 579 152 566 424 104 797 425 214 44 180 841 948 448 10 753 664 402 617 617 647 494 163 879 112 358 552 610 848 343 998 32 813 169 640 610 880 841 715
399 277 949 752 382 38 933 976 616 722 868 598 64 940 778 957 184 782 555 552 460 56 83 817 292 364 274 160 853 440 329 163 831 829 692 33 205 961 846 378 577 900 307 120 894 555 920 889 811 960 842 570 339 290 374 742 873 646 187 662 177 286 312 63 413 905 687 515 834 758 981 271 331 919 865 573 648 733 923 128 669 556 872 60 907 221
872 975 953 266 247 898 435 868 82 762 745 571 804 803 609 390 30 700 402 568 694 530 927 311 679 659 305 103 987 497 513 797 759 631 47 523 314 248 191 616 729 880 353 166 396 494 994 517 396 611 721 10 537 691 250 554 349 265 42 122 376 383 616 145 676 778 709 834 479 782 697 903 639 417 957 800 588 312 113 522 257 17 454 340 582 80
165 245 982 749 374 743 481 509 460 720 914 729 487 420 46 589 136 257 246 101 986 89 804 491 556 781 879 416 82 386 548 494 609 20 399 417 607 572 653 463 992 705 855 581 129 233 741 347 104 820 35 996 344 157 550 412 425 195 179 450 733 770 39 195 521 958 311 803 748 808 63 389 41 658 654 4 34 138 189 141 344 64 792 350 429 874
451 483 628 956 538 828 754 207 129 859 696 414 703 644 651 615 856 991 735 414 186 282 958 344 628 537 735 750 102 698 396 349 524 273 434 578 867 483 548 69 214 773 904 108 452 112 404 735 560 801 179 233 227 605 969 85 885 903 525 141 106 218 679 676 721 900 263 169 919 994 647 185 105 279 243 461 209 290 975 361 742 680 374 202 895 605
647 547 590 979 817 465 497 329 752 925 701 660 741 953 851 246 46 896 371 470 754 183 522 899 101 251 915 580 391 879 341 149 543 54 649 701 301 623 772 547 148 386 872 911 992 50 40 347 778 365 934 142 277 112 213 274 428 100 698 551 797 197 683 378 882 497 963 268 248 156 734 585 728 62 664 212 190 495 145 794 745 129 915 980 566 293
5 596 907 155 220 3 322 614 198 997 512 11 398 467 736 454 243 710 191 412 68 701 353 515 420 885 797 907 730 14 647 325 394 364 432 86 777 212 786 507 761 816 118 912 3 245 139 218 216 338 849 344 416 730 397 53 279 388 61 654 430 312 428 941 780 128 734 99 743 80 270 829 528 538 664 870 481 525 865 174 877 893 637 459 412 753
425 543 109 453 521 866 301 923 560 848 839 462 520 312 724 142 542 2 881 802 109 348 911 283 337 31 263 908 384 542 415 454 285 933 333 780 845 140 704 78 549 812 153 194 867 367 967 827 725 67 613 471 353 276 713 866 231 696 968 376 324 310 972 133 358 962 724 28 466 974 174 633 111 996 81 883 863 300 14 967 223 90 368 170 442 986
870 564 960 735 149 354 870 399 599 341 613 680 966 489 909 827 762 768 790 548 890 547 496 659 613 555 893 803 326 82 27 388 402 433 410 87 775 814 624 611 816 765 903 226 474 994 375 422 632 932 813 435 126 639 801 874 875 750 469 507 148 982 63 408 76 364 926 21 128 747 650 407 426 356 509 853 449 86 563 302 902 38 199 534 246 276
247 873 678 143 232 224 157 531 765 659 385 403 545 352 555 517 982 648 47 719 944 200 198 429 754 638 742 911 126 965 486 717 379 949 327 262 938 92 782 813 812 381 764 328 486 904 468 458 400 591 897 742 997 816 693 475 139 281 719 984 536 678 996 88 713 881 460 328 983 16 245 128 802 616 57 464 880 215 595 733 440 130 824 486 31 938
390 381 399 72 388 243 995 296 208 363 872 303 208 270 835 568 498 31 954 640 244 759 757 508 482 433 663 291 591 310 533 511 285 172 530 393 140 427 809 192 469 588 985 318 596 979 698 137 412 620 64 644 403 101 285 896 241 931 172 972 404 264 910 467 235 155 928 977 298 469 376 834 909 362 322 369 208 818 443 327 218 79 709 665 934 894
249 847 556 481 378 940 698 715 536 244 514 587 714 959 457 197 804 370 576 560 187 356 87 382 774 606 192 465 698 765 27 876 792 897 930 77 17 72 167 236 53 566 636 589 314 187 82 275 767 461 805 318 63 6 899 504 655 208 596 753 783 464 383 189 398 608 187 549 414 847 46 738 915 463 407 309 291 773 352 407 617 375 845 251 999 489
334 519 983 280 863 120 605 419 185 705 126 782 223 920 4 95 648 854 190 549 250 338 417 901 257 775 743 316 740 939 258 288 767 766 508 282 42 489 903 356 313 594 98 926 7 7 97 980 137 572 605 543 758 379 10 884 938 741 182 18 448 648 199 315 165 353 6 636 477 318 967 249 818 146 234 958 833 272 891 255 569 119 843 45 515 156
510 464 284 791 482 575 223 313 428 282 243 161 707 627 757 639 342 751 641 842 234 173 820 928 745 744 172 96 95 562 157 581 306 377 779 732 808 536 235 763 184 315 872 105 960 552 893 351 783 877 580 676 818 454 661 288 690 94 873 860 852 780 684 173 817 148 594 137 303 235 453 196 983 828 734 644 163 117 765 755 456 930 514 726 208 734
628 369 199 764 89 161 960 89 26 717 822 156 931 44 703 380 765 911 508 634 234 538 931 90 807 350 397 688 871 973 865 707 821 747 201 267 750 20 911 357 855 183 39 932 621 899 191 891 356 285 753 322 653 855 521 197 944 869 212 829 344 378 474 790 667 654 352 666 589 870 395 958 648 889 950 722 967 753 512 988 335 997 411 866 557 236
507 274 784 570 33 613 867 198 179 338 676 336 544 316 671 933 97 41 3 919 888 286 837 713 332 523 611 507 519 498 454 396 695 666 53 776 720 816 831 558 70 101 436 652 681 859 173 859 742 57 198 782 357 957 10 629 846 573 16 787 349 828 701 888 306 875 288 665 320 906 555 275 915 939 869 929 688 461 420 607 400 534 9 336 618 947
775 51 641 272 685 295 548 208 660 112 393 460 770 312 765 477 3 926 147 783 729 63 781 315 165 580 24 101 772 945 515 903 767 416 809 901 678 202 529 352 108 568 512 189 717 975 830 928 757 173 102 848 353 870 984 373 124 6 258 762 695 896 556 709 70 501 299 225 862 872 118 203 893 374 652 434 718 639 336 395 238 330 501 94 664 692
893 350 752 578 476 420 423 69 238 546 555 115 535 75 29 588 437 55 841 15 401 821 428 803 605 930 171 188 185 936 420 250 695 959 284 330 86 653 852 844 631 195 482 46 276 192 277 531 53 915 911 360 372 136 499 524 161 931 306 83 104 210 716 740 434 409 9 777 74 737 191 273 206 595 337 261 720 310 636 4 367 127 608 915 874 465
774 701 689 828 391 222 549 382 736 194 528 144 808 295 806 920 274 492 911 645 933 347 870 494 943 916 255 237 634 336 840 599 722 621 235 6 390 249 637 12 751 76 535 840 932 759 70 949 130 384 503 263 751 212 144 723 968 502 961 112 798 184 991 683 131 745 662 991 950 69 50 462 373 139 167 648 39 420 380 841 787 498 127 691 535 26
234 736 787 306 234 307 175 937 268 113 41 751 353 880 124 919 17 863 52 524 564 683 472 45 520 910 344 214 143 51 140 422 215 108 416 406 729 686 510 247 499 690 934 821 167 19 341 689 552 323 834 115 800 772 792 299 342 40 280 153 209 146 623 941 909 595 678 892 638 287 877 450 322 13 177 185 640 938 622 495 935 391 354 141 662 446
562 378 816 211 17 848 605 525 588 728 491 717 334 594 590 441 585 321 363 134 704 907 442 526 54 496 452 769 92 28 654 179 377 892 326 272 738 655 817 779 784 477 353 597 457 60 786 143 337 90 652 455 958 926 82 466 508 970 379 271 872 502 274 888 150 1 219 963 444 920 362 103 945 629 212 47 62 783 397 666 636 693 300 877 79 349
857 916 607 634 216 40 615 940 525 671 639 798 602 196 273 394 870 98 890 817 474 903 975 676 199 430 443 288 423 201 344 986 60 437 950 213 174 4 337 976 680 803 232 942 390 574 61 897 413 830 864 565 839 615 964 804 470 125 81 6 309 775 850 147 436 173 576 264 908 594 402 350 307 975 981 542 603 167 155 233 80 132 131 231 163 82
115 359 130 71 400 968 849 397 461 673 879 287 689 245 505 699 23 13 525 794 881 292 917 536 478 358 813 163 826 205 573 742 455 889 130 843 175 537 202 461 988 234 395 635 625 839 719 887 11 477 528 519 404 854 458 8 842 790 481 212 42 354 821 903 831 772 98 137 768 831 723 359 633 865 299 702 71 523 454 857 780 421 349 62 279 490
852 201 511 278 209 753 180 720 899 335 34 948 226 885 36 479 134 127 675 759 673 778 539 390 503 157 592 539 878 221 529 950 522 797 13 715 960 752 538 466 894 106 176 895 415 630 486 633 947 348 410 301 67 394 80 221 530 147 64 648 125 183 748 600 238 566 209 306 363 223 164 70 106 666 315 854 667 138 683 222 137 301 338 366 457 997
256 805 307 204 915 36 740 261 636 813 912 644 598 979 791 31 942 775 402 190 331 310 723 267 908 468 65 358 603 852 448 886 364 511 198 192 971 66 781 891 781 595 645 54 890 52 691 951 944 283 828 157 56 719 957 89 64 635 649 634 680 477 723 388 897 110 897 168 409 30 724 871 690 475 30 478 811 147 164 971 20 701 471 193 642 484
518 254 834 49 792 890 314 810 756 292 272 845 412 348 265 248 738 857 74 637 694 291 171 359 791 851 643 737 567 156 195 183 721 612 87 348 47 677 709 572 758 527 796 752 298 315 182 426 194 109 377 301 102 822 177 665 716 924 8 150 864 471 645 46 689 75 538 992 547 740 966 166 887 97 885 234 147 486 412 253 439 475 558 359 597 892
997 594 974 156 371 441 230 721 877 686 242 743 652 29 175 664 770 472 698 255 534 879 318 817 64 257 804 644 129 262 705 578 570 139 66 449 647 803 514 481 103 71 43 266 803 92 986 776 333 889 849 940 41 533 929 773 610 905 879 635 429 148 679 242 675 923 794 197 256 315 657 404 488 757 986 467 681 670 881 292 578 619 54 455 969 621
84 532 630 959 25 540 161 227 299 806 239 615 338 93 213 392 51 561 31 361 840 204 949 608 529 721 578 212 290 396 374 719 366 452 818 75 140 515 177 420 918 274 904 594 584 184 478 474 153 27 684 292 138 495 151 869 541 506 247 356 247 836 267 373 568 784 232 658 678 28 501 236 760 508 840 863 703 176 548 983 340 715 733 725 322 881
868 542 893 933 275 912 36 753 340 173 680 627 793 962 917 351 622 909 470 253 807 218 982 989 299 507 23 467 423 834 132 48 125 104 597 274 322 211 139 713 932 73 124 148 36 447 469 299 18 784 909 408 469 657 902 567 89 258 5 388 832 262 246 691 51 924 626 189 448 588 617 798 250 962 240 40 114 375 53 228 943 945 204 555 959 51
466 927 92 758 95 435 999 857 179 636 783 24 85 374 811 176 562 790 840 487 17 231 46 670 511 276 457 104 44 731 692 56 780 470 903 795 964 253 298 642 415 206 624 88 635 463 598 945 801 597 303 120 87 852 220 13 71 856 709 732 230 452 425 277 882 534 376 610 260 260 67 46 804 840 451 721 165 172 217 991 850 939 269 487 953 447
142 202 867 399 469 445 471 988 576 685 818 202 719 351 962 988 481 384 206 962 373 957 716 707 734 77 121 274 614 930 475 431 437 748 702 350 909 635 433 888 784 283 977 355 843 763 996 667 680 579 375 97 636 19 654 404 565 421 372 982 930 335 610 806 104 731 69 407 640 356 37 755 722 18 665 978 953 140 96 61 145 143 107 239 783 324
91 637 409 742 414 794 247 201 393 124 11 904 416 16 987 457 4 267 163 948 933 719 394 518 907 559 321 404 630 472 56 749 559 958 439 541 62 474 999 962 173 693 650 39 661 117 527 965 658 454 294 656 664 688 746 119 354 508 495 985 244 838 61 132 933 508 743 650 344 746 246 557 100 45 138 539 959 130 869 722 969 225 273 918 892 521
167 54 246 802 926 528 215 451 669 35 605 655 9 16 949 481 145 252 860 645 464 282 720 207 686 264 853 137 51 612 390 679 990 263 141 717 212 675 914 870 176 754 902 901 464 743 938 121 667 711 659 854 996 729 877 718 997 957 721 422 430 891 493 8 568 716 452 1 925 292 211 713 707 574 766 28 64 381 690 364 568 319 459 138 226 274
396 998 701 384 275 262 380 590 178 540 365 854 812 207 481 951 115 529 880 279 671 499 931 470 116 93 608 751 464 536 777 845 52 338 359 972 555 314 597 897 398 554 305 290 679 283 268 654 666 914 707 913 800 107 42 325 103 559 23 793 854 366 647 763 436 230 223 883 241 481 324 266 655 878 365 754 202 409 23 812 78 881 751 787 464 874
170 79 223 806 241 416 773 188 716 837 231 861 522 141 195 941 408 580 831 446 417 288 327 81 457 472 127 472 539 738 778 199 65 970 691 359 855 97 559 20 496 721 720 852 992 21 264 416 617 570 269 103 330 693 160 451 129 794 798 637 213 637 582 261 903 886 560 147 842 385 238 795 127 514 560 255 660 683 324 703 202 478 100 662 306 226
576 912 577 781 171 343 442 149 615 666 965 152 184 693 31 731 249 74 635 615 791 795 875 49 583 442 711 969 823 209 481 546 78 935 688 254 567 944 576 741 936 347 582 568 914 535 825 551 438 11 427 825 110 363 590 945 122 144 54 303 134 657 768 909 912 158 329 80 936 804 53 943 600 712 318 704 60 912 169 553 290 561 48 698 384 759
894 480 698 467 812 744 5 553 948 617 422 720 219 651 502 157 61 852 577 46 415 435 89 694 771 306 412 945 174 143 415 685 796 682 789 735 806 228 14 135 23 710 664 850 60 609 652 235 438 896 930 159 476 736 83 564 570 60 272 359 872 281 961 989 257 380 896 718 906 276 922 637 802 918 264 703 905 826 80 626 835 840 232 284 405 718
440 444 459 820 184 938 95 542 997 158 470 340 83 651 99 161 503 843 750 852 531 448 792 630 174 900 122 45 241 231 596 919 832 181 250 667 541 968 432 22 239 62 393 645 785 515 796 323 625 893 84 453 815 602 618 285 664 474 42 976 827 780 372 844 403 474 898 327 301 347 116 82 902 943 534 333 848 555 403 31 576 340 114 687 117 621
260 713 508 729 123 966 137 335 673 759 231 57 969 993 725 296 266 204 724 663 978 279 828 58 128 303 646 456 841 495 952 733 957 479 40 382 832 215 26 823 993 724 25 127 360 399 359 323 397 89 228 197 676 329 543 377 49 68 954 786 801 982 457 29 934 11 352 98 983 59 723 842 571 888 83 29 267 138 271 435 162 14 241 372 971 683
868 206 425 579 528 955 156 871 753 796 277 85 945 365 395 471 759 61 827 28 495 181 408 233 538 597 360 433 658 864 382 529 781 101 260 83 633 722 44 195 554 106 59 546 616 609 797 826 136 868 53 338 599 260 489 964 976 446 185 828 463 438 640 928 664 258 118 733 354 287 173 244 28 653 717 290 599 560 989 905 752 274 350 470 680 629
929 931 132 255 723 815 991 447 965 947 850 538 184 752 418 848 662 760 907 839 679 488 961 874 245 157 75 56 815 825 929 20 822 382 514 140 711 492 447 567 600 43 421 736 578 851 280 402 139 389 848 112 237 68 237 999 974 203 62 161 984 90 648 463 165 780 79 525 529 45 673 798 595 695 254 113 921 894 450 807 84 367 42 550 674 437
328 295 625 603 335 354 515 30 697 467 321 626 970 856 457 600 162 700 838 292 321 163 145 808 68 83 425 479 77 704 643 463 638 399 843 857 603 119 129 530 207 452 745 532 495 556 176 323 327 892 335 262 236 644 559 754 741 967 383 243 46 677 788 702 469 846 882 668 334 803 802 880 527 427 946 538 371 246 515 778 19 792 748 457 54 848
161 541 614 725 565 365 906 469 624 874 659 937 253 447 681 24 196 321 432 924 714 689 202 199 454 522 288 612 169 792 316 126 202 286 704 200 309 432 94 556 661 588 477 854 641 79 651 312 353 830 577 176 587 851 218 56 377 965 406 600 160 120 350 664 1000 337 479 122 281 857 380 734 780 328 764 32 55 924 527 13 633 163 198 549 569 783
261 787 569 466 130 532 31 372 817 507 3 430 684 664 317 80 984 202 859 671 321 776 238 78 548 440 901 143 71 222 101 464 17 903 972 693 218 457 374 940 510 832 102 111 424 244 519 6 932 897 652 770 556 130 325 886 823 267 964 202 711 119 283 656 504 919 181 217 198 691 842 308 400 475 194 397 490 584 601 711 667 88 910 81 372 990
749 694 510 182 265 171 829 87 340 731 807 63 697 370 385 58 188 940 936 701 999 691 939 17 479 382 912 205 759 339 310 480 399 865 236 786 814 319 36 329 343 740 64 241 429 348 144 384 538 410 593 234 119 948 924 36 123 515 778 931 328 786 940 566 25 31 771 744 383 641 798 84 181 736 697 246 443 560 410 240 931 786 665 528 354 91
773 108 644 361 124 537 622 651 502 922 899 607 950 180 942 402 635 559 778 343 905 223 966 234 452 935 99 268 322 291 263 676 316 723 646 623 167 470 650 871 800 52 719 545 847 329 345 927 584 105 562 578 392 380 634 265 892 761 496 66 898 262 983 804 467 704 815 401 347 187 800 78 341 659 769 349 197 439 273 636 893 655 189 925 358 948
992 323 970 483 584 539 446 232 286 289 52 760 766 390 432 246 465 818 727 258 322 328 68 916 419 340 983 396 509 652 728 394 250 204 63 84 366 575 532 321 895 72 886 295 138 326 878 640 920 34 298 48 303 107 786 725 929 778 649 709 785 383 646 884 279 428 447 760 163 225 283 504 50 887 106 457 939 679 446 386 446 790 24 30 190 387
106 41 88 406 513 341 168 925 201 994 865 98 319 159 651 592 689 381 317 175 747 452 139 606 54 361 709 252 644 374 178 951 637 146 260 441 731 843 410 331 420 673 208 998 58 877 143 956 145 202 655 249 573 94 517 139 894 385 381 911 58 38 578 927 512 580 77 147 943 244 838 227 499 452 675 948 748 201 118 166 253 147 727 709 155 612
753 639 788 567 22 66 973 635 483 291 311 539 876 375 483 988 574 381 289 908 799 406 938 101 5 268 867 842 467 108 199 708 776 487 800 883 202 547 787 553 670 631 240 528 388 359 827 109 2 523 32 378 530 319 663 473 216 393 394 142 889 866 128 858 357 33 98 17 878 694 738 322 755 153 543 254 676 749 301 665 489 422 348 917 739 228
711 635 430 889 340 148 153 437 910 872 952 790 60 449 20 586 291 232 609 942 184 782 327 903 34 420 355 199 467 511 965 619 136 68 119 702 107 486 877 719 136 697 799 884 640 789 488 517 782 202 5 468 767 930 883 429 160 769 94 907 716 540 419 525 27 406 335 15 42 830 705 728 349 476 264 747 974 364 155 724 307 896 532 346 708 922
538 973 278 925 840 343 255 490 231 381 525 688 744 130 735 677 114 501 624 848 431 64 240 59 288 363 867 94 751 345 658 282 71 262 148 346 90 129 61 915 958 123 87 840 903 598 566 368 481 274 399 509 953 968 773 399 166 740 757 310 599 647 176 991 36 390 651 416 674 24 165 646 328 544 5 428 795 608 506 370 396 886 550 15 141 492
421 888 967 786 209 658 50 357 653 879 200 360 993 378 973 504 134 257 243 894 174 644 611 619 159 792 227 451 724 840 311 257 157 597 883 783 282 971 22 257 482 279 232 874 155 511 387 576 812 774 32 734 105 555 783 242 64 163 930 270 913 677 380 425 939 998 504 346 4 170 530 822 487 925 643 374 602 564 59 854 300 639 951 40 192 591
264 377 242 460 115 997 291 999 709 892 821 55 439 647 768 881 100 471 586 100 972 330 231 434 842 877 193 920 932 549 232 292 64 592 996 376 359 54 285 861 198 734 312 557 194 894 966 305 420 83 725 40 224 781 584 98 521 685 68 774 588 371 188 298 29 764 954 847 770 296 908 958 633 907 987 706 298 58 885 335 250 750 41 578 562 126
291 795 279 633 215 159 458 833 208 594 871 954 369 829 799 924 340 929 275 188 350 956 681 851 850 921 579 789 291 46 242 164 786 453 420 470 625 795 514 589 889 6 459 550 671 319 304 655 753 914 712 374 938 98 294 954 611 696 34 1 524 425 803 380 250 375 336 655 226 378 910 964 797 937 340 643 257 630 866 133 391 358 948 730 689 597
990 491 990 837 533 178 1 741 505 491 824 163 731 930 365 39 981 566 231 366 531 665 546 916 347 592 902 68 751 683 546 178 651 762 769 184 196 863 371 721 20 233 57 905 85 144 548 58 496 132 241 91 545 271 273 949 709 779 914 518 246 767 322 667 559 218 830 613 500 357 92 686 364 400 613 601 380 318 420 825 158 631 892 217 675 475
37 137 74 111 865 407 761 823 805 71 25 687 552 650 689 981 105 701 94 137 225 847 63 971 7 52 355 619 784 907 527 32 102 805 40 94 84 459 921 443 127 922 265 852 450 337 427 583 756 981 740 478 897 763 272 693 194 237 164 842 819 367 803 71 439 715 243 986 117 486 992 665 363 861 528 983 62 359 708 294 969 532 496 135 363 175
302 959 465 371 596 85 213 96 329 980 30 844 170 714 307 687 477 924 402 472 465 909 101 401 15 544 670 54 158 541 785 48 325 209 889 906 102 277 766 376 343 542 412 405 222 41 626 208 961 242 50 374 762 246 835 775 722 313 456 92 312 139 710 160 361 162 352 961 322 844 379 12 23 313 477 123 32 973 748 947 205 680 395 556 15 879
737 284 756 643 525 433 776 919 276 40 498 392 44 788 87 310 818 334 271 262 519 759 21 433 384 607 488 30 413 960 852 685 373 339 502 400 841 757 281 213 661 145 358 148 194 484 668 149 736 430 744 652 529 886 219 172 861 6 209 764 834 326 313 512 544 332 962 276 562 535 419 732 794 290 824 424 58 950 280 891 930 647 139 171 749 912
323 933 945 628 723 229 246 271 474 409 679 250 158 54 711 180 822 857 303 331 1000 282 149 105 828 471 868 329 720 322 465 353 13 870 927 432 443 94 459 631 322 98 474 544 795 114 100 443 608 178 721 94 441 421 727 348 915 832 450 815 107 53 56 360 515 206 947 907 179 46 118 44 886 707 785 247 163 191 500 68 66 285 943 556 614 2
532 267 87 781 24 676 304 638 293 493 416 158 578 376 737 736 556 793 606 744 771 345 299 385 67 687 594 808 924 277 623 715 772 606 336 85 656 214 979 818 886 744 722 93 650 555 762 975 912 884 963 328 284 391 391 421 14 971 889 706 640 78 179 105 355 474 853 832 645 202 3 178 280 812 181 947 333 354 833 182 484 391 356 662 509 377
434 156 533 29 384 810 287 975 814 139 375 806 24 24 286 877 226 786 707 629 835 890 464 938 807 78 346 41 226 764 860 846 143 337 969 57 940 608 739 355 357 28 849 75 687 439 896 187 513 73 480 131 845 242 128 28 413 635 206 46 430 445 118 270 103 612 241 239 778 290 246 413 653 302 702 257 628 725 68 277 25 967 543 286 544 635
483 458 101 268 514 195 871 532 824 659 182 788 517 896 676 36 397 826 527 126 1 41 336 761 200 240 749 281 270 366 758 431 844 984 131 286 826 192 374 351 919 434 185 338 135 882 398 555 316 689 11 876 441 288 1 250 253 104 284 341 507 474 366 383 11 335 922 587 411 238 807 450 638 543 762 165 779 239 391 877 120 692 810 957 83 749
765 582 769 81 873 874 878 314 115 558 844 520 644 600 114 870 461 582 652 830 566 603 898 94 717 391 624 554 22 875 334 22 225 926 142 52 680 139 327 220 683 491 99 385 66 490 466 49 677 926 454 655 661 683 379 805 247 137 291 701 106 559 186 764 183 592 131 320 329 314 917 427 990 611 501 419 646 594 41 498 718 568 8 759 174 637
475 367 95 346 440 196 108 933 702 157 646 627 626 595 683 126 881 600 766 897 75 808 879 125 73 284 900 232 637 383 209 659 972 54 307 226 699 923 123 736 748 616 80 670 667 242 874 739 913 603 361 800 727 740 893 116 309 660 961 248 163 638 2 914 612 327 805 10 709 15 20 593 981 753 906 54 708 772 591 883 726 525 811 404 72 962
290 616 125 149 694 790 303 121 325 795 773 975 566 237 77 535 408 337 85 587 256 161 136 586 608 241 839 956 148 840 510 588 243 135 882 883 821 347 307 785 147 434 382 520 68 299 582 410 860 580 253 8 971 21 38 967 565 84 632 513 968 957 562 149 840 342 540 187 114 452 850 55 541 460 95 863 978 228 627 605 379 536 925 488 853 164
213 324 4 149 643 608 240 230 440 905 679 12 516 421 779 662 174 199 839 5 717 187 84 735 945 559 119 88 774 42 165 728 446 687 650 782 112 479 372 930 887 394 713 219 796 58 76 781 482 942 41 968 875 103 493 502 553 865 355 114 939 441 384 805 16 447 942 310 784 462 527 536 244 245 344 787 295 33 197 342 575 339 470 521 941 51
62 724 955 199 703 56 511 674 199 50 470 351 817 687 952 513 179 402 790 228 770 982 464 318 394 332 749 890 684 866 207 950 88 892 595 501 589 742 270 661 766 526 636 743 740 369 759 987 933 671 313 561 575 460 155 768 350 169 931 909 627 246 302 95 250 842 565 408 969 457 667 211 206 815 890 62 989 451 743 659 588 440 946 467 578 464
73 18 94 82
8 13 11 28
87 27 97 29
55 80 68 81
7 21 39 44
67 50 73 51
63 86 79 86
24 85 94 85
42 64 68 83
80 55 82 58
50 30 98 36
6 34 76 64
22 20 81 25
26 35 31 84
41 61 92 70
49 86 71 86
94 35 94 85
29 74 59 84
87 45 96 73
83 50 94 85
1 79 96 80
76 59 89 71
59 39 65 63
34 51 47 86
35 80 80 81
41 6 42 79
22 56 72 65
59 21 75 38
43 28 96 53
43 16 99 54
76 81 86 81
57 47 75 51
13 75 75 82
15 77 94 83
96 12 96 78
95 58 95 83
84 76 98 77
12 80 71 81
41 16 55 37
20 18 61 28
61 80 71 85
20 26 76 72
66 39 94 46
69 65 94 71
43 83 61 83
9 24 72 48
97 84 99 85
82 41 89 85
53 47 82 60
88 50 93 85
18 61 48 72
12 1 62 3
93 46 93 75
4 9 91 24
9 64 19 79
18 16 40 46
89 64 93 74
32 72 88 74
8 52 31 78
83 15 90 55
67 15 67 83
30 30 47 71
19 42 78 85
97 49 97 68
13 17 54 67
73 43 91 72
35 48 38 49
68 65 91 81
74 22 94 26
45 61 58 62
27 13 49 52
98 14 98 75
39 51 66 72
20 26 55 58
29 10 88 65
93 1 95 35
53 36 86 56
1 57 81 59
97 3 97 14
34 68 42 73
21 15 31 33
45 26 58 59
68 49 97 69
75 15 75 86
42 21 48 51
47 61 61 67
85 57 93 79
16 76 58 76
32 56 82 74
8 25 95 35
24 79 79 83
90 69 92 84
79 25 94 25
59 75 86 83
92 67 99 82
33 6 90 57
82 17 92 38
86 36 94 70
25 82 26 83
68 43 71 63
28 20 73 46
88 33 90 77
48 52 48 70
63 80 87 84
49 74 91 81
49 5 57 72
51 61 67 83
16 75 60 86
22 31 24 40
40 65 56 79
14 31 88 74
3 9 72 83
41 10 92 47
37 79 52 83
51 6 83 66
60 55 91 58
39 26 78 82
72 86 74 86
11 6 87 65
27 47 77 59
82 61 89 72
84 35 90 78
84 59 89 79
18 13 37 21
5 81 23 83
26 7 50 27
77 49 88 56
69 11 70 11
25 63 50 85
52 20 74 41
88 12 92 74
95 85 95 85
7 57 16 86
74 60 86 65
48 68 88 68
34 35 37 60
85 84 90 85
95 30 96 56
69 29 94 78
3 81 21 81
52 71 78 85
2 24 70 39
57 21 93 67
28 59 41 63
4 46 47 71
50 84 84 85
24 10 43 27
4 17 56 77
38 37 79 66
2 18 81 57
71 73 91 77
15 32 75 42
31 50 89 86
52 2 65 11
76 18 77 86
86 62 99 81
47 10 53 42
9 28 61 35
40 81 61 85
3 38 50 75
39 45 97 67
69 59 78 70
47 31 72 38
53 83 75 83
76 34 94 44
43 57 58 60
80 44 80 79
47 27 54 57
60 25 65 58
71 30 71 68
49 62 95 65
49 73 92 85
79 2 94 69
95 40 97 62
77 68 96 79
90 78 93 80
41 82 91 82
18 56 78 72
99 44 99 72
2 71 86 86
46 71 80 85
21 32 88 85
17 83 58 85
14 75 51 85
37 48 97 61
70 77 97 85
64 80 81 85
90 38 91 77
97 50 97 60
72 85 72 85
38 21 67 48
23 23 42 64
18 14 53 43
32 56 69 83
28 22 54 25
50 79 96 83
11 21 32 78
47 49 69 79
16 10 39 70
55 20 66 48
5 22 27 24
14 53 92 57
79 25 87 42
80 10 94 38
68 39 79 70
66 4 83 52
62 75 99 81
13 13 83 60
31 25 56 46
23 66 52 81
39 3 86 11
98 63 98 71
27 17 59 43
74 22 91 82
59 33 61 62
22 78 89 78
31 44 51 76
73 57 90 75
89 42 97 47
9 63 66 75
24 67 28 80
68 37 83 43
14 12 54 51
12 37 76 86
48 8 80 21
33 12 35 73
53 78 59 80
96 85 99 85
93 3 99 31
49 81 61 85
34 41 98 78
27 46 43 81
71 38 96 64
79 11 85 75
77 13 83 24
48 21 82 51
19 72 42 74
94 27 99 44
36 15 78 80
59 82 98 85
95 66 98 77
91 67 95 78
55 27 58 31
97 26 97 36
6 62 52 73
65 37 89 85
76 14 94 38
3 56 99 72
12 82 13 84
69 73 98 75
67 59 97 83
96 37 98 79
80 79 82 82
32 5 34 85
2 50 76 82
40 32 77 71
13 55 30 83
64 27 97 56
49 72 88 77
10 5 29 14
12 49 58 66
20 51 62 79
32 5 76 81
48 39 74 54
31 45 53 58
48 18 57 38
82 4 91 66
36 60 52 65
62 9 87 56
95 2 99 75
65 16 84 36
34 76 37 79
2 1 64 66
5 69 80 74
12 84 98 85
52 12 61 70
60 5 84 51
60 17 72 44
7 33 55 81
88 52 98 74
47 85 90 85
37 76 65 77
90 44 94 64
85 73 90 74
99 83 99 85
82 25 82 61
21 72 61 73
71 6 97 33
87 81 96 86
13 41 81 56
43 82 48 86
8 61 15 64
60 52 71 72
43 52 75 86
18 71 87 73
22 2 27 11
75 26 75 47
25 54 26 64
63 37 81 49
54 76 88 81
60 39 93 48
21 43 36 46
51 16 83 64
85 52 86 84
62 86 88 86
83 49 98 77
24 44 35 82
73 3 83 66
28 31 35 44
84 55 99 63
52 17 88 65
77 53 93 86
77 29 77 47
28 6 93 63
26 8 58 15
92 65 94 65
99 50 99 84
27 48 27 82
82 40 94 78
62 9 95 84
44 4 69 24
64 6 82 78
62 53 95 65
16 19 28 78
43 81 81 84
12 27 25 65
15 27 24 66
65 11 80 41
16 57 52 60
35 43 36 52
13 36 58 38
45 15 47 31
10 25 42 73
55 46 82 58
36 22 45 46
1 74 89 78
31 5 61 20
4 42 34 63
56 30 86 84
23 2 29 79
3 23 73 81
22 54 23 69
81 65 89 81
33 73 77 80
8 28 53 65
68 54 72 67
18 66 85 77
7 31 15 81
78 16 85 64
56 27 90 76
83 26 84 42
59 54 65 64
49 72 84 84
5 57 44 84
36 51 84 59
60 50 81 71
70 27 72 67
29 29 67 53
56 54 58 71
16 41 77 49
80 53 81 80
28 31 96 67
50 66 56 80
75 74 93 78
37 26 99 86
22 41 99 57
98 23 99 84
12 39 21 66
11 76 90 86
82 49 88 73
25 75 29 75
19 25 59 41
34 77 81 77
20 66 92 80
23 28 24 66
88 69 99 80
19 77 78 77
55 54 60 68
86 3 86 41
2 28 54 58
17 79 88 85
46 1 67 39
11 44 27 69
99 33 99 70
63 6 78 31
14 1 24 27
91 7 93 71
73 41 92 53
58 40 92 79
8 47 54 56
93 32 94 37
23 51 65 63
22 25 73 39
75 11 80 64
22 83 24 86
45 21 54 60
1 30 72 42
75 14 97 62
57 76 83 80
88 26 90 54
46 45 64 85
90 42 92 46
98 29 98 75
32 22 80 27
32 74 83 76
84 37 99 50
69 14 84 53
39 25 90 83
56 51 91 66
59 7 96 86
27 47 49 85
26 67 73 67
78 58 91 72
60 13 66 70
38 45 52 76
14 59 63 86
42 29 71 63
72 82 90 82
60 60 60 71
91 25 97 67
31 10 43 42
72 7 80 30
87 64 92 78
56 73 61 81
8 79 88 85
71 8 95 76
97 11 97 73
80 45 84 81
94 49 98 71
9 83 67 83
67 51 80 80
44 33 62 40
28 34 62 70
42 49 42 62
94 84 95 85
87 48 97 79
61 21 99 73
80 68 93 77
77 52 86 56
49 40 87 58
37 50 59 50
25 74 82 75
10 14 39 15
11 26 63 34
8 6 74 16
44 18 78 77
28 9 52 47
23 35 58 71
34 10 77 83
56 44 74 63
73 42 77 55
53 12 92 31
20 84 54 84
55 30 87 34
14 40 22 61
99 37 99 60
28 71 67 79
33 84 65 84
74 4 78 34
39 77 78 86
40 29 65 85
49 66 60 70
24 57 43 82
33 63 75 81
90 24 92 54
1 65 66 77
81 76 81 81
65 1 88 12
43 54 45 63
36 64 58 72
68 2 94 62
50 71 52 76
47 54 80 86
66 63 98 81
84 76 92 78
63 79 90 86
32 39 40 53
30 61 66 82
33 24 54 48
40 4 48 79
85 64 91 66
41 71 49 83
62 78 63 83
3 69 93 72
63 65 92 78
3 2 95 29
62 69 64 70
55 32 58 50
91 41 96 48
1 74 35 80
75 19 87 81
6 43 69 68
94 20 96 20
58 83 76 86
61 13 90 37
51 44 97 69
14 26 23 61
78 55 99 71
79 12 90 14
96 54 97 85
58 6 99 19
36 85 58 86
24 73 45 74
38 15 52 54
44 11 68 62
74 31 98 80
72 77 74 85
70 11 89 23
61 80 76 86
35 16 94 69
92 35 98 78
68 54 91 63
34 34 47 35
99 17 99 59
60 72 92 81
87 70 90 75
8 10 46 46
67 5 92 13
35 50 35 85
41 44 80 63
27 37 28 84
37 20 58 23
48 67 67 67
94 35 96 58
45 8 75 15
35 41 87 75
48 80 87 82
37 79 95 86
20 83 69 83
33 40 79 73
58 60 69 73
71 58 83 70
43 11 62 81
30 84 33 86
90 47 98 75
77 56 95 86
53 5 63 54
9 25 36 37
73 49 90 85
99 73 99 83
86 26 98 32
63 17 65 76
35 10 43 12
5 68 71 70
14 12 29 28
2 5 43 51
1 52 49 58
59 30 77 45
5 63 50 65
15 56 51 78
48 15 81 61
89 47 92 83
81 30 97 75
28 82 95 85
69 48 75 61
49 57 67 66
12 85 85 85
10 63 63 81
97 57 98 74
69 22 70 44
79 10 96 11
73 10 81 29
42 39 49 77
29 48 95 80
90 71 91 71
23 78 85 81
79 54 84 70
97 62 97 63
69 2 98 34
6 85 69 85
62 37 85 43
95 43 98 60
82 13 91 32
2 25 47 44
75 29 87 85
35 64 85 71
54 75 73 80
16 85 42 86
18 80 23 82
75 30 91 52
14 22 19 48
19 25 69 76
30 43 83 77
53 84 58 85
24 2 52 26
80 27 85 30
37 4 72 70
41 23 45 73
48 19 75 64
53 58 90 74
55 69 65 80
67 77 85 79
5 84 9 84
52 9 64 83
1 20 38 39
65 80 80 85
52 59 88 86
83 68 99 75
63 58 82 58
94 16 96 47
57 21 66 70
71 67 96 71
89 16 89 68
83 78 98 78
3 66 13 66
24 4 91 32
20 28 87 58
40 25 40 41
78 32 95 81
9 59 89 71
48 83 67 83
92 36 94 73
4 27 26 69
66 60 85 67
23 2 33 6
98 11 98 36
40 29 83 63
27 82 29 82
78 34 82 57
72 15 87 53
37 29 43 69
67 66 72 71
9 53 81 75
93 24 97 48
54 11 54 41
72 51 95 59
59 67 86 81
29 54 72 56
36 61 48 66
40 30 93 70
79 24 87 45
33 16 90 35
53 45 63 68
84 77 96 77
81 62 91 83
65 34 94 41
87 16 87 34
87 7 91 24
62 51 94 60
88 66 97 67
3 23 11 30
42 2 85 42
26 25 38 53
77 76 90 76
46 47 47 82
52 77 53 79
84 65 92 69
10 16 63 66
39 27 57 57
20 80 68 86
46 41 97 66
74 24 86 33
94 9 95 71
90 86 92 86
82 14 84 21
53 82 98 84
30 43 80 52
83 33 86 45
90 65 91 72
24 62 97 78
8 34 84 47
79 10 97 14
27 11 32 20
40 15 57 81
60 27 88 74
99 38 99 55
43 6 74 21
24 60 93 79
55 14 79 23
38 86 39 86
82 85 82 86
42 12 81 43
40 4 88 6
79 86 96 86
90 79 90 86
95 66 98 83
25 47 57 58
81 14 83 28
82 22 97 24
86 13 86 27
46 4 73 42
37 58 95 74
18 66 92 78
5 39 36 48
71 46 93 51
97 74 97 80
40 25 65 68
88 45 93 54
79 33 90 41
84 80 90 84
21 64 32 82
8 38 9 76
87 61 93 76
50 32 65 81
70 80 77 84
14 79 61 80
52 56 53 74
42 39 46 60
50 40 99 48
21 4 82 23
8 18 48 19
3 37 46 71
51 53 80 55
55 80 89 83
97 5 98 81
78 65 90 71
79 22 93 54
20 69 61 74
26 77 55 84
69 3 89 76
1 55 92 69
45 72 48 73
8 66 90 77
76 3 90 5
97 41 97 49
52 42 59 52
46 74 93 81
97 33 99 81
82 56 86 71
87 58 92 77
94 39 94 66
20 28 39 83
26 22 75 33
89 22 90 80
57 10 76 61
61 14 78 52
35 36 44 63
15 48 56 51
73 17 75 30
8 71 85 80
57 27 77 83
97 7 97 50
31 49 51 70
96 2 97 84
27 80 72 83
71 21 78 33
76 46 76 67
96 49 98 54
31 13 61 66
26 36 49 52
46 17 90 65
44 27 86 44
35 48 74 61
21 77 51 82
89 69 89 75
61 19 92 82
15 40 32 48
34 15 83 70
32 51 86 80
